iteration,makespan
1,126693
2,126634
3,126593
4,126506
5,126499
6,126432
7,126370
8,126367
9,126298
10,126225
11,126213
12,126202
13,126201
14,126111
15,126093
16,126055
17,125986
18,125925
19,125912
20,125885
21,125833
22,125810
23,125748
24,125692
25,125612
26,125536
27,125503
28,125453
29,125400
30,125387
31,125319
32,125290
33,125238
34,125215
35,125189
36,125136
37,125089
38,125051
39,124959
40,124901
41,124880
42,124809
43,124767
44,124756
45,124734
46,124676
47,124650
48,124607
49,124549
50,124459
51,124446
52,124402
53,124310
54,124275
55,124251
56,124220
57,124196
58,124127
59,124044
60,124019
61,123958
62,123912
63,123861
64,123813
65,123788
66,123699
67,123637
68,123548
69,123482
70,123412
71,123347
72,123337
73,123287
74,123202
75,123116
76,123037
77,122988
78,122951
79,122872
80,122858
81,122759
82,122732
83,122711
84,122702
85,122691
86,122687
87,122638
88,122538
89,122530
90,122492
91,122470
92,122408
93,122338
94,122275
95,122240
96,122204
97,122132
98,122091
99,122066
100,122010
101,121989
102,121961
103,121936
104,121917
105,121832
106,121782
107,121733
108,121698
109,121612
110,121560
111,121466
112,121427
113,121362
114,121297
115,121236
116,121224
117,121127
118,121115
119,121088
120,120993
121,120924
122,120916
123,120841
124,120759
125,120668
126,120625
127,120565
128,120548
129,120527
130,120481
131,120449
132,120399
133,120355
134,120279
135,120208
136,120157
137,120145
138,120047
139,120005
140,119957
141,119921
142,119843
143,119816
144,119762
145,119693
146,119644
147,119610
148,119560
149,119468
150,119449
151,119380
152,119345
153,119279
154,119198
155,119127
156,119052
157,119029
158,119014
159,118980
160,118961
161,118958
162,118902
163,118822
164,118780
165,118767
166,118693
167,118635
168,118570
169,118560
170,118547
171,118477
172,118394
173,118385
174,118359
175,118290
176,118270
177,118264
178,118249
179,118219
180,118161
181,118159
182,118122
183,118109
184,118018
185,117960
186,117903
187,117813
188,117760
189,117699
190,117621
191,117581
192,117571
193,117479
194,117424
195,117339
196,117290
197,117278
198,117184
199,117141
200,117113
201,117109
202,117016
203,116953
204,116915
205,116846
206,116792
207,116754
208,116705
209,116643
210,116601
211,116555
212,116495
213,116416
214,116412
215,116362
216,116308
217,116263
218,116250
219,116236
220,116184
221,116149
222,116116
223,116090
224,115998
225,115954
226,115914
227,115908
228,115823
229,115733
230,115634
231,115621
232,115606
233,115582
234,115572
235,115571
236,115550
237,115509
238,115412
239,115408
240,115357
241,115345
242,115255
243,115244
244,115170
245,115110
246,115072
247,115031
248,114937
249,114910
250,114881
251,114854
252,114763
253,114673
254,114638
255,114551
256,114544
257,114494
258,114486
259,114465
260,114441
261,114365
262,114361
263,114346
264,114294
265,114225
266,114172
267,114154
268,114115
269,114081
270,114019
271,113978
272,113939
273,113860
274,113786
275,113753
276,113739
277,113679
278,113618
279,113550
280,113514
281,113474
282,113433
283,113428
284,113396
285,113311
286,113231
287,113144
288,113069
289,112988
290,112923
291,112865
292,112792
293,112756
294,112693
295,112611
296,112532
297,112464
298,112459
299,112412
300,112316
301,112284
302,112216
303,112162
304,112148
305,112133
306,112112
307,112065
308,111993
309,111971
310,111895
311,111863
312,111806
313,111802
314,111728
315,111635
316,111624
317,111576
318,111505
319,111488
320,111479
321,111449
322,111353
323,111314
324,111308
325,111264
326,111186
327,111106
328,111033
329,111011
330,110931
331,110841
332,110774
333,110720
334,110638
335,110570
336,110479
337,110379
338,110360
339,110319
340,110305
341,110232
342,110226
343,110214
344,110120
345,110093
346,110070
347,110027
348,109987
349,109946
350,109876
351,109858
352,109785
353,109732
354,109670
355,109596
356,109576
357,109571
358,109570
359,109539
360,109483
361,109456
362,109447
363,109347
364,109284
365,109202
366,109105
367,109006
368,108971
369,108924
370,108888
371,108886
372,108806
373,108726
374,108636
375,108536
376,108500
377,108417
378,108343
379,108321
380,108304
381,108239
382,108234
383,108134
384,108100
385,108043
386,107969
387,107880
388,107830
389,107808
390,107785
391,107780
392,107715
393,107639
394,107636
395,107623
396,107575
397,107524
398,107512
399,107478
400,107462
401,107405
402,107344
403,107315
404,107223
405,107215
406,107140
407,107125
408,107110
409,107053
410,106987
411,106969
412,106937
413,106840
414,106766
415,106672
416,106664
417,106663
418,106648
419,106554
420,106496
421,106400
422,106350
423,106250
424,106221
425,106168
426,106166
427,106151
428,106068
429,106012
430,105991
431,105955
432,105942
433,105888
434,105833
435,105755
436,105713
437,105695
438,105597
439,105499
440,105425
441,105407
442,105315
443,105228
444,105138
445,105116
446,105037
447,104975
448,104884
449,104816
450,104723
451,104664
452,104596
453,104498
454,104399
455,104336
456,104265
457,104170
458,104076
459,103980
460,103889
461,103873
462,103791
463,103755
464,103694
465,103609
466,103528
467,103483
468,103390
469,103361
470,103307
471,103219
472,103190
473,103171
474,103163
475,103087
476,103055
477,102995
478,102977
479,102944
480,102895
481,102799
482,102790
483,102736
484,102708
485,102656
486,102587
487,102563
488,102558
489,102531
490,102469
491,102465
492,102462
493,102416
494,102361
495,102344
496,102251
497,102250
498,102211
499,102206
500,102157
501,102121
502,102092
503,102091
504,102003
505,101954
506,101947
507,101900
508,101841
509,101818
510,101793
511,101697
512,101680
513,101623
514,101590
515,101537
516,101441
517,101398
518,101336
519,101335
520,101262
521,101197
522,101099
523,101064
524,101011
525,100956
526,100877
527,100788
528,100787
529,100735
530,100710
531,100662
532,100565
533,100485
534,100442
535,100401
536,100362
537,100278
538,100255
539,100191
540,100136
541,100119
542,100107
543,100042
544,100032
545,99941
546,99850
547,99754
548,99735
549,99689
550,99637
551,99550
552,99537
553,99493
554,99436
555,99423
556,99421
557,99345
558,99333
559,99279
560,99224
561,99178
562,99124
563,99067
564,99025
565,98965
566,98946
567,98870
568,98792
569,98737
570,98684
571,98593
572,98585
573,98516
574,98442
575,98427
576,98354
577,98260
578,98168
579,98087
580,98053
581,97996
582,97965
583,97917
584,97875
585,97845
586,97795
587,97746
588,97725
589,97658
590,97609
591,97510
592,97506
593,97411
594,97325
595,97310
596,97279
597,97214
598,97190
599,97103
600,97055
601,97023
602,96957
603,96915
604,96818
605,96789
606,96718
607,96677
608,96616
609,96580
610,96481
611,96447
612,96431
613,96429
614,96330
615,96236
616,96179
617,96096
618,96047
619,96024
620,95960
621,95957
622,95895
623,95857
624,95792
625,95770
626,95678
627,95586
628,95568
629,95528
630,95506
631,95451
632,95367
633,95281
634,95210
635,95154
636,95086
637,95050
638,94959
639,94931
640,94910
641,94812
642,94728
643,94657
644,94612
645,94595
646,94502
647,94467
648,94399
649,94352
650,94342
651,94315
652,94276
653,94235
654,94141
655,94120
656,94116
657,94115
658,94044
659,94032
660,93975
661,93890
662,93858
663,93829
664,93811
665,93775
666,93761
667,93672
668,93608
669,93514
670,93421
671,93322
672,93321
673,93253
674,93175
675,93116
676,93019
677,92972
678,92898
679,92808
680,92751
681,92681
682,92648
683,92582
684,92497
685,92455
686,92404
687,92363
688,92318
689,92232
690,92151
691,92074
692,92058
693,91961
694,91897
695,91819
696,91799
697,91731
698,91634
699,91568
700,91526
701,91452
702,91431
703,91388
704,91317
705,91237
706,91152
707,91096
708,91058
709,91005
710,90947
711,90855
712,90770
713,90730
714,90714
715,90621
716,90575
717,90561
718,90500
719,90483
720,90464
721,90432
722,90370
723,90283
724,90257
725,90161
726,90080
727,90025
728,89950
729,89878
730,89784
731,89685
732,89682
733,89592
734,89533
735,89469
736,89426
737,89345
738,89298
739,89251
740,89182
741,89163
742,89138
743,89097
744,89055
745,89004
746,88971
747,88893
748,88850
749,88773
750,88769
751,88736
752,88729
753,88663
754,88657
755,88585
756,88515
757,88505
758,88495
759,88418
760,88400
761,88395
762,88354
763,88314
764,88266
765,88187
766,88121
767,88077
768,88016
769,87987
770,87916
771,87887
772,87862
773,87839
774,87783
775,87770
776,87714
777,87709
778,87686
779,87675
780,87604
781,87566
782,87490
783,87406
784,87309
785,87212
786,87149
787,87107
788,87066
789,87012
790,86976
791,86897
792,86839
793,86828
794,86754
795,86702
796,86683
797,86645
798,86623
799,86542
800,86490
801,86441
802,86420
803,86359
804,86344
805,86292
806,86202
807,86156
808,86121
809,86035
810,85951
811,85916
812,85826
813,85747
814,85725
815,85721
816,85716
817,85658
818,85652
819,85589
820,85492
821,85418
822,85413
823,85359
824,85266
825,85229
826,85150
827,85063
828,85028
829,84955
830,84947
831,84855
832,84772
833,84702
834,84630
835,84560
836,84494
837,84441
838,84430
839,84382
840,84285
841,84280
842,84218
843,84184
844,84109
845,84044
846,83945
847,83854
848,83844
849,83763
850,83705
851,83614
852,83585
853,83568
854,83544
855,83489
856,83438
857,83431
858,83352
859,83260
860,83169
861,83082
862,83013
863,82951
864,82899
865,82880
866,82821
867,82802
868,82797
869,82790
870,82755
871,82744
872,82665
873,82568
874,82532
875,82500
876,82496
877,82430
878,82396
879,82329
880,82276
881,82186
882,82118
883,82095
884,82028
885,82010
886,81933
887,81873
888,81857
889,81816
890,81792
891,81714
892,81630
893,81580
894,81577
895,81543
896,81480
897,81427
898,81395
899,81300
900,81224
901,81185
902,81161
903,81113
904,81071
905,81000
906,80953
907,80915
908,80901
909,80808
910,80708
911,80629
912,80606
913,80507
914,80460
915,80404
916,80402
917,80365
918,80328
919,80241
920,80235
921,80213
922,80189
923,80139
924,80051
925,80000
926,79949
927,79932
928,79906
929,79812
930,79740
931,79663
932,79617
933,79563
934,79514
935,79509
936,79452
937,79449
938,79362
939,79326
940,79256
941,79255
942,79222
943,79206
944,79108
945,79049
946,79029
947,78965
948,78885
949,78822
950,78758
951,78702
952,78667
953,78593
954,78545
955,78525
956,78451
957,78446
958,78400
959,78303
960,78254
961,78235
962,78206
963,78164
964,78067
965,77972
966,77953
967,77931
968,77897
969,77811
970,77759
971,77756
972,77704
973,77681
974,77585
975,77551
976,77523
977,77465
978,77464
979,77440
980,77411
981,77372
982,77315
983,77300
984,77251
985,77207
986,77184
987,77159
988,77102
989,77074
990,77005
991,76997
992,76927
993,76844
994,76820
995,76796
996,76734
997,76653
998,76635
999,76556
1000,76473
1001,76443
1002,76435
1003,76416
1004,76372
1005,76285
1006,76203
1007,76199
1008,76170
1009,76159
1010,76091
1011,76028
1012,75937
1013,75923
1014,75882
1015,75810
1016,75722
1017,75626
1018,75621
1019,75572
1020,75566
1021,75479
1022,75446
1023,75399
1024,75329
1025,75238
1026,75231
1027,75200
1028,75153
1029,75064
1030,75044
1031,74979
1032,74944
1033,74875
1034,74789
1035,74749
1036,74690
1037,74619
1038,74534
1039,74519
1040,74498
1041,74443
1042,74420
1043,74353
1044,74326
1045,74233
1046,74217
1047,74130
1048,74039
1049,74021
1050,73956
1051,73896
1052,73830
1053,73787
1054,73698
1055,73659
1056,73566
1057,73547
1058,73487
1059,73404
1060,73402
1061,73350
1062,73270
1063,73226
1064,73215
1065,73152
1066,73148
1067,73104
1068,73053
1069,73023
1070,72982
1071,72979
1072,72950
1073,72872
1074,72772
1075,72684
1076,72681
1077,72582
1078,72559
1079,72480
1080,72479
1081,72408
1082,72336
1083,72308
1084,72257
1085,72238
1086,72210
1087,72152
1088,72087
1089,72078
1090,72074
1091,72067
1092,72026
1093,71961
1094,71921
1095,71905
1096,71892
1097,71869
1098,71817
1099,71720
1100,71718
1101,71706
1102,71702
1103,71612
1104,71536
1105,71486
1106,71472
1107,71447
1108,71348
1109,71347
1110,71339
1111,71265
1112,71244
1113,71242
1114,71194
1115,71153
1116,71151
1117,71131
1118,71076
1119,71069
1120,71001
1121,70961
1122,70893
1123,70819
1124,70818
1125,70752
1126,70739
1127,70722
1128,70652
1129,70563
1130,70521
1131,70460
1132,70423
1133,70420
1134,70343
1135,70243
1136,70191
1137,70130
1138,70064
1139,70038
1140,69957
1141,69951
1142,69877
1143,69797
1144,69748
1145,69719
1146,69684
1147,69640
1148,69639
1149,69623
1150,69583
1151,69540
1152,69452
1153,69450
1154,69440
1155,69356
1156,69311
1157,69238
1158,69214
1159,69156
1160,69103
1161,69063
1162,68978
1163,68892
1164,68840
1165,68776
1166,68741
1167,68714
1168,68633
1169,68573
1170,68473
1171,68423
1172,68365
1173,68271
1174,68177
1175,68124
1176,68095
1177,68075
1178,68070
1179,68063
1180,68034
1181,67948
1182,67867
1183,67815
1184,67757
1185,67719
1186,67658
1187,67622
1188,67601
1189,67516
1190,67442
1191,67426
1192,67337
1193,67268
1194,67216
1195,67142
1196,67058
1197,66983
1198,66908
1199,66828
1200,66825
1201,66818
1202,66813
1203,66759
1204,66693
1205,66619
1206,66522
1207,66451
1208,66359
1209,66339
1210,66313
1211,66288
1212,66259
1213,66215
1214,66123
1215,66053
1216,65987
1217,65911
1218,65848
1219,65842
1220,65797
1221,65744
1222,65731
1223,65667
1224,65581
1225,65504
1226,65457
1227,65404
1228,65331
1229,65262
1230,65238
1231,65140
1232,65099
1233,65068
1234,65062
1235,65018
1236,64935
1237,64857
1238,64812
1239,64796
1240,64757
1241,64726
1242,64692
1243,64684
1244,64606
1245,64589
1246,64581
1247,64572
1248,64492
1249,64433
1250,64339
1251,64257
1252,64189
1253,64153
1254,64088
1255,64007
1256,64002
1257,63923
1258,63845
1259,63821
1260,63744
1261,63651
1262,63610
1263,63564
1264,63467
1265,63438
1266,63422
1267,63322
1268,63293
1269,63196
1270,63150
1271,63109
1272,63016
1273,62939
1274,62915
1275,62837
1276,62758
1277,62753
1278,62672
1279,62607
1280,62571
1281,62503
1282,62421
1283,62327
1284,62268
1285,62188
1286,62179
1287,62171
1288,62154
1289,62076
1290,62068
1291,62034
1292,62003
1293,61964
1294,61948
1295,61903
1296,61825
1297,61742
1298,61698
1299,61692
1300,61661
1301,61620
1302,61522
1303,61498
1304,61429
1305,61356
1306,61303
1307,61256
1308,61179
1309,61093
1310,61029
1311,61016
1312,60963
1313,60918
1314,60912
1315,60849
1316,60773
1317,60707
1318,60637
1319,60545
1320,60501
1321,60472
1322,60447
1323,60421
1324,60401
1325,60309
1326,60238
1327,60141
1328,60067
1329,60001
1330,59947
1331,59942
1332,59935
1333,59932
1334,59852
1335,59777
1336,59702
1337,59618
1338,59544
1339,59492
1340,59423
1341,59334
1342,59318
1343,59244
1344,59159
1345,59138
1346,59102
1347,59041
1348,59003
1349,58945
1350,58893
1351,58812
1352,58726
1353,58697
1354,58690
1355,58685
1356,58665
1357,58636
1358,58583
1359,58489
1360,58395
1361,58337
1362,58287
1363,58187
1364,58127
1365,58046
1366,58019
1367,57984
1368,57920
1369,57868
1370,57782
1371,57697
1372,57657
1373,57604
1374,57546
1375,57522
1376,57449
1377,57404
1378,57320
1379,57310
1380,57308
1381,57220
1382,57177
1383,57137
1384,57121
1385,57120
1386,57076
1387,57041
1388,57012
1389,56963
1390,56883
1391,56809
1392,56803
1393,56722
1394,56696
1395,56630
1396,56569
1397,56517
1398,56417
1399,56340
1400,56337
1401,56300
1402,56239
1403,56197
1404,56108
1405,56038
1406,56021
1407,56008
1408,55942
1409,55941
1410,55867
1411,55799
1412,55759
1413,55691
1414,55684
1415,55629
1416,55609
1417,55607
1418,55566
1419,55518
1420,55516
1421,55495
1422,55421
1423,55413
1424,55412
1425,55313
1426,55288
1427,55274
1428,55224
1429,55148
1430,55058
1431,55054
1432,55042
1433,55040
1434,54943
1435,54891
1436,54868
1437,54855
1438,54839
1439,54799
1440,54734
1441,54693
1442,54686
1443,54682
1444,54673
1445,54608
1446,54550
1447,54522
1448,54503
1449,54452
1450,54424
1451,54352
1452,54281
1453,54280
1454,54201
1455,54178
1456,54079
1457,54076
1458,53988
1459,53888
1460,53810
1461,53781
1462,53778
1463,53737
1464,53707
1465,53656
1466,53612
1467,53608
1468,53545
1469,53534
1470,53490
1471,53410
1472,53358
1473,53356
1474,53273
1475,53213
1476,53194
1477,53101
1478,53062
1479,52973
1480,52930
1481,52864
1482,52804
1483,52739
1484,52721
1485,52630
1486,52543
1487,52527
1488,52434
1489,52407
1490,52340
1491,52317
1492,52262
1493,52241
1494,52226
1495,52141
1496,52070
1497,52011
1498,51971
1499,51885
1500,51816
1501,51781
1502,51716
1503,51696
1504,51607
1505,51560
1506,51529
1507,51522
1508,51431
1509,51361
1510,51314
1511,51281
1512,51194
1513,51188
1514,51139
1515,51134
1516,51038
1517,50950
1518,50878
1519,50837
1520,50823
1521,50732
1522,50669
1523,50601
1524,50590
1525,50561
1526,50557
1527,50475
1528,50388
1529,50344
1530,50325
1531,50317
1532,50287
1533,50204
1534,50125
1535,50107
1536,50026
1537,49964
1538,49940
1539,49916
1540,49833
1541,49763
1542,49755
1543,49686
1544,49658
1545,49601
1546,49576
1547,49553
1548,49509
1549,49460
1550,49445
1551,49388
1552,49349
1553,49320
1554,49296
1555,49295
1556,49237
1557,49209
1558,49175
1559,49079
1560,49056
1561,49004
1562,49001
1563,48949
1564,48863
1565,48829
1566,48807
1567,48788
1568,48693
1569,48596
1570,48554
1571,48525
1572,48506
1573,48457
1574,48360
1575,48314
1576,48309
1577,48235
1578,48215
1579,48167
1580,48093
1581,48058
1582,48002
1583,47938
1584,47875
1585,47795
1586,47731
1587,47711
1588,47652
1589,47554
1590,47538
1591,47505
1592,47504
1593,47434
1594,47398
1595,47311
1596,47308
1597,47251
1598,47246
1599,47197
1600,47143
1601,47097
1602,47020
1603,46948
1604,46854
1605,46828
1606,46811
1607,46760
1608,46709
1609,46621
1610,46571
1611,46547
1612,46525
1613,46519
1614,46432
1615,46395
1616,46358
1617,46356
1618,46300
1619,46253
1620,46154
1621,46131
1622,46052
1623,45952
1624,45859
1625,45845
1626,45807
1627,45760
1628,45689
1629,45647
1630,45599
1631,45575
1632,45536
1633,45460
1634,45365
1635,45333
1636,45280
1637,45217
1638,45183
1639,45180
1640,45130
1641,45046
1642,44968
1643,44944
1644,44903
1645,44887
1646,44827
1647,44750
1648,44732
1649,44665
1650,44642
1651,44574
1652,44484
1653,44431
1654,44364
1655,44330
1656,44264
1657,44260
1658,44228
1659,44192
1660,44095
1661,44016
1662,44005
1663,43970
1664,43963
1665,43958
1666,43939
1667,43880
1668,43861
1669,43809
1670,43747
1671,43678
1672,43591
1673,43500
1674,43408
1675,43329
1676,43322
1677,43271
1678,43216
1679,43192
1680,43175
1681,43146
1682,43055
1683,42997
1684,42916
1685,42906
1686,42815
1687,42716
1688,42651
1689,42576
1690,42542
1691,42480
1692,42475
1693,42378
1694,42330
1695,42319
1696,42266
1697,42200
1698,42130
1699,42058
1700,41988
1701,41905
1702,41813
1703,41805
1704,41732
1705,41697
1706,41610
1707,41531
1708,41494
1709,41401
1710,41347
1711,41342
1712,41268
1713,41171
1714,41108
1715,41102
1716,41044
1717,41039
1718,41035
1719,41013
1720,40934
1721,40844
1722,40809
1723,40725
1724,40639
1725,40604
1726,40558
1727,40468
1728,40416
1729,40401
1730,40340
1731,40319
1732,40270
1733,40218
1734,40137
1735,40115
1736,40077
1737,40058
1738,40006
1739,39932
1740,39921
1741,39863
1742,39784
1743,39748
1744,39694
1745,39653
1746,39611
1747,39548
1748,39451
1749,39354
1750,39270
1751,39194
1752,39156
1753,39085
1754,39074
1755,39051
1756,39046
1757,38990
1758,38977
1759,38921
1760,38898
1761,38873
1762,38844
1763,38773
1764,38744
1765,38683
1766,38639
1767,38573
1768,38494
1769,38446
1770,38406
1771,38365
1772,38360
1773,38342
1774,38265
1775,38255
1776,38245
1777,38175
1778,38103
1779,38097
1780,38031
1781,38024
1782,37991
1783,37987
1784,37910
1785,37867
1786,37789
1787,37756
1788,37705
1789,37663
1790,37622
1791,37597
1792,37578
1793,37509
1794,37462
1795,37415
1796,37334
1797,37291
1798,37227
1799,37168
1800,37078
1801,37075
1802,36976
1803,36882
1804,36810
1805,36735
1806,36680
1807,36599
1808,36503
1809,36477
1810,36390
1811,36328
1812,36296
1813,36277
1814,36260
1815,36199
1816,36185
1817,36139
1818,36046
1819,36030
1820,35990
1821,35905
1822,35813
1823,35755
1824,35702
1825,35664
1826,35608
1827,35523
1828,35443
1829,35372
1830,35329
1831,35308
1832,35234
1833,35192
1834,35126
1835,35029
1836,34961
1837,34941
1838,34863
1839,34799
1840,34702
1841,34686
1842,34609
1843,34528
1844,34442
1845,34397
1846,34356
1847,34305
1848,34263
1849,34178
1850,34112
1851,34079
1852,34009
1853,33952
1854,33862
1855,33788
1856,33741
1857,33644
1858,33585
1859,33507
1860,33439
1861,33438
1862,33339
1863,33246
1864,33152
1865,33088
1866,32999
1867,32985
1868,32949
1869,32931
1870,32902
1871,32870
1872,32785
1873,32728
1874,32716
1875,32645
1876,32644
1877,32640
1878,32619
1879,32525
1880,32484
1881,32445
1882,32418
1883,32408
1884,32361
1885,32293
1886,32258
1887,32165
1888,32148
1889,32103
1890,32032
1891,31948
1892,31850
1893,31829
1894,31801
1895,31712
1896,31621
1897,31593
1898,31572
1899,31474
1900,31390
1901,31319
1902,31274
1903,31257
1904,31164
1905,31129
1906,31061
1907,31014
1908,31004
1909,30977
1910,30938
1911,30897
1912,30803
1913,30782
1914,30778
1915,30777
1916,30706
1917,30694
1918,30637
1919,30552
1920,30520
1921,30491
1922,30473
1923,30437
1924,30423
1925,30334
1926,30270
1927,30176
1928,30083
1929,29984
1930,29983
1931,29915
1932,29837
1933,29778
1934,29681
1935,29634
1936,29560
1937,29470
1938,29413
1939,29343
1940,29310
1941,29244
1942,29159
1943,29117
1944,29066
1945,29025
1946,28980
1947,28894
1948,28813
1949,28736
1950,28720
1951,28623
1952,28559
1953,28481
1954,28461
1955,28393
1956,28296
1957,28230
1958,28188
1959,28114
1960,28093
1961,28050
1962,27979
1963,27899
1964,27814
1965,27758
1966,27720
1967,27667
1968,27609
1969,27517
1970,27432
1971,27392
1972,27376
1973,27283
1974,27237
1975,27223
1976,27162
1977,27145
1978,27126
1979,27094
1980,27032
1981,26945
1982,26919
1983,26823
1984,26742
1985,26687
1986,26612
1987,26540
1988,26446
1989,26347
1990,26344
1991,26254
1992,26195
1993,26131
1994,26088
1995,26007
1996,25960
1997,25913
1998,25844
1999,25825
2000,25800
2001,25759
2002,25717
2003,25666
2004,25633
2005,25555
2006,25512
2007,25435
2008,25431
2009,25398
2010,25391
2011,25325
2012,25319
2013,25247
2014,25177
2015,25167
2016,25157
2017,25080
2018,25062
2019,25057
2020,25016
2021,24976
2022,24928
2023,24849
2024,24783
2025,24739
2026,24678
2027,24649
2028,24578
2029,24549
2030,24524
2031,24501
2032,24445
2033,24432
2034,24376
2035,24371
2036,24348
2037,24337
2038,24266
2039,24228
2040,24152
2041,24068
2042,23971
2043,23874
2044,23811
2045,23769
2046,23728
2047,23674
2048,23638
2049,23559
2050,23501
2051,23490
2052,23416
2053,23364
2054,23345
2055,23307
2056,23285
2057,23204
2058,23152
2059,23103
2060,23082
2061,23021
2062,23006
2063,22954
2064,22864
2065,22818
2066,22783
2067,22697
2068,22613
2069,22578
2070,22488
2071,22409
2072,22387
2073,22383
2074,22378
2075,22320
2076,22314
2077,22251
2078,22154
2079,22080
2080,22075
2081,22021
2082,21928
2083,21891
2084,21812
2085,21725
2086,21690
2087,21617
2088,21609
2089,21517
2090,21434
2091,21364
2092,21292
2093,21222
2094,21156
2095,21103
2096,21092
2097,21044
2098,20947
2099,20942
2100,20880
2101,20846
2102,20771
2103,20706
2104,20607
2105,20516
2106,20506
2107,20425
2108,20367
2109,20276
2110,20247
2111,20230
2112,20206
2113,20151
2114,20100
2115,20093
2116,20014
2117,19922
2118,19831
2119,19744
2120,19675
2121,19613
2122,19561
2123,19542
2124,19483
2125,19464
2126,19459
2127,19452
2128,19417
2129,19406
2130,19327
2131,19230
2132,19194
2133,19162
2134,19158
2135,19092
2136,19058
2137,18991
2138,18938
2139,18848
2140,18780
2141,18757
2142,18690
2143,18672
2144,18595
2145,18535
2146,18519
2147,18478
2148,18454
2149,18376
2150,18292
2151,18242
2152,18239
2153,18205
2154,18142
2155,18089
2156,18057
2157,17962
2158,17886
2159,17847
2160,17823
2161,17775
2162,17733
2163,17662
2164,17615
2165,17577
2166,17563
2167,17470
2168,17370
2169,17291
2170,17268
2171,17169
2172,17122
2173,17066
2174,17064
2175,17027
2176,16990
2177,16903
2178,16897
2179,16875
2180,16851
2181,16801
2182,16713
2183,16662
2184,16611
2185,16594
2186,16568
2187,16474
2188,16402
2189,16325
2190,16279
2191,16225
2192,16176
2193,16171
2194,16114
2195,16111
2196,16024
2197,15988
2198,15918
2199,15917
2200,15884
2201,15868
2202,15868
