iteration,makespan
0,126086
1,126086
2,126086
3,126086
4,126086
5,126086
6,126086
7,126086
8,126086
9,126086
10,126086
11,126086
12,126086
13,126086
14,126086
15,126086
16,126086
17,126086
18,126086
19,126086
20,126086
21,126086
22,126086
23,126086
24,126086
25,126086
26,126086
27,126086
28,126086
29,126086
30,126086
31,126086
32,126086
33,126086
34,126086
35,126086
36,126086
37,126086
38,126086
39,126086
40,126086
41,126086
42,126086
43,126086
44,126086
45,126086
46,126086
47,126086
48,126086
49,126086
50,126086
51,126086
52,126086
53,126086
54,126086
55,126086
56,126086
57,126086
58,126086
59,126086
60,126086
61,126086
62,126086
63,126086
64,126086
65,126086
66,126086
67,126086
68,126086
69,126086
70,126086
71,126086
72,126086
73,126086
74,126086
75,126086
76,126086
77,126086
78,126086
79,126086
80,126086
81,126086
82,126086
83,126086
84,126086
85,126086
86,126086
87,126086
88,126086
89,126086
90,126086
91,126086
92,126086
93,126086
94,126086
95,126086
96,126086
97,126086
98,126086
99,126086
100,126086
101,126086
102,126086
103,126086
104,126086
105,126086
106,126086
107,126086
108,126086
109,126086
110,126086
111,126086
112,126086
113,126086
114,126086
115,126086
116,126086
117,126086
118,126086
119,126086
120,126086
121,126086
122,126086
123,126086
124,126086
125,126086
126,126086
127,126086
128,126086
129,126086
130,126086
131,126086
132,126086
133,126086
134,126086
135,126086
136,126086
137,126086
138,126086
139,126086
140,126086
141,126086
142,126086
143,126086
144,126086
145,126086
146,126086
147,126086
148,126086
149,126086
150,126086
151,126086
152,126086
153,126086
154,126086
155,126086
156,126086
157,126086
158,126086
159,126086
160,126086
161,126086
162,126086
163,126086
164,126086
165,126086
166,126086
167,126086
168,126086
169,126086
170,126086
171,126086
172,126086
173,126086
174,126086
175,126086
176,126086
177,126086
178,126086
179,126086
180,126086
181,126086
182,126086
183,126086
184,126086
185,126086
186,126086
187,126086
188,126086
189,126086
190,126086
191,126086
192,126086
193,126086
194,126086
195,126086
196,126086
197,126086
198,126086
199,126086
200,126086
201,126086
202,126086
203,126086
204,126086
205,126086
206,126086
207,126086
208,126086
209,126086
210,126086
211,126086
212,126086
213,126086
214,126086
215,126086
216,126086
217,126086
218,126086
219,126086
220,126086
221,126086
222,126086
223,126086
224,126086
225,126086
226,126086
227,126086
228,126086
229,126086
230,126086
231,126086
232,126086
233,126086
234,126086
235,126086
236,126086
237,126086
238,126086
239,126086
240,126086
241,126086
242,126086
243,126086
244,126086
245,126086
246,126086
247,126086
248,126086
249,126086
250,126086
251,126086
252,126086
253,126086
254,126086
255,126086
256,126086
257,126086
258,126086
259,126086
260,126086
261,126086
262,126086
263,126086
264,126086
265,126086
266,126086
267,126086
268,126086
269,126086
270,126086
271,126086
272,126086
273,126086
274,126086
275,126086
276,126086
277,126086
278,126086
279,126086
280,126086
281,126086
282,126086
283,126086
284,126086
285,126086
286,126086
287,126086
288,126086
289,126086
290,126086
291,126086
292,126086
293,126086
294,126086
295,126086
296,126086
297,126086
298,126086
299,126086
300,126086
301,126086
302,126086
303,126086
304,126086
305,126086
306,126086
307,126086
308,126086
309,126086
310,126086
311,126086
312,126086
313,126086
314,126086
315,126086
316,126086
317,126086
318,126086
319,126086
320,126086
321,126086
322,126086
323,126086
324,126086
325,126086
326,126086
327,126086
328,126086
329,126086
330,126086
331,126086
332,126086
333,126086
334,126086
335,126086
336,126086
337,126086
338,126086
339,126086
340,126086
341,126086
342,126086
343,126086
344,126086
345,126086
346,126086
347,126086
348,126086
349,126086
350,126086
351,126086
352,126086
353,126086
354,126086
355,126086
356,126086
357,126086
358,126086
359,126086
360,126086
361,126086
362,126086
363,126086
364,126086
365,126086
366,126086
367,126086
368,126086
369,126086
370,126086
371,126086
372,126086
373,126086
374,126086
375,126086
376,126086
377,126086
378,126086
379,126086
380,126086
381,126086
382,126086
383,126086
384,126086
385,126086
386,126086
387,126086
388,126086
389,126086
390,126086
391,126086
392,126086
393,126086
394,126086
395,126086
396,126086
397,126086
398,126086
399,126086
400,126086
401,126086
402,126086
403,126086
404,126086
405,126086
406,126086
407,126086
408,126086
409,126086
410,126086
411,126086
412,126086
413,126086
414,126086
415,126086
416,126086
417,126086
418,126086
419,126086
420,126086
421,126086
422,126086
423,126086
424,126086
425,126086
426,126086
427,126086
428,126086
429,126086
430,126086
431,126086
432,126086
433,126086
434,126086
435,126086
436,126086
437,126086
438,126086
439,126086
440,126086
441,126086
442,126086
443,126086
444,126086
445,126086
446,126086
447,126086
448,126086
449,126086
450,126086
451,126086
452,126086
453,126086
454,126086
455,126086
456,126086
457,126086
458,126086
459,126086
460,126086
461,126086
462,126086
463,126086
464,126086
465,126086
466,126086
467,126086
468,126086
469,126086
470,126086
471,126086
472,126086
473,126086
474,126086
475,126086
476,126086
477,126086
478,126086
479,126086
480,126086
481,126086
482,126086
483,126086
484,126086
485,126086
486,126086
487,126086
488,126086
489,126086
490,126086
491,126086
492,126086
493,126086
494,126086
495,126086
496,126086
497,126086
498,126086
499,126086
500,126086
501,126086
502,126086
503,126086
504,126086
505,126086
506,126086
507,126086
508,126086
509,126086
510,126086
511,126086
512,126086
513,126086
514,126086
515,126086
516,126086
517,126086
518,126086
519,126086
520,126086
521,126086
522,126086
523,126086
524,126086
525,126086
526,126086
527,126086
528,126086
529,126086
530,126086
531,126086
532,126086
533,126086
534,126086
535,126086
536,126086
537,126086
538,126086
539,126086
540,126086
541,126086
542,126086
543,126086
544,126086
545,126086
546,126086
547,126086
548,126086
549,126086
550,126086
551,126086
552,126086
553,126086
554,126086
555,126086
556,126086
557,126086
558,126086
559,126086
560,126086
561,126086
562,126086
563,126086
564,126086
565,126086
566,126086
567,126086
568,126086
569,126086
570,126086
571,126086
572,126086
573,126086
574,126086
575,126086
576,126086
577,126086
578,126086
579,126086
580,126086
581,126086
582,126086
583,126086
584,126086
585,126086
586,126086
587,126086
588,126086
589,126086
590,126086
591,126086
592,126086
593,126086
594,126086
595,126086
596,126086
597,126086
598,126086
599,126086
600,126086
601,126086
602,126086
603,126086
604,126086
605,126086
606,126086
607,126086
608,126086
609,126086
610,126086
611,126086
612,126086
613,126086
614,126086
615,126086
616,126086
617,126086
618,126086
619,126086
620,126086
621,126086
622,126086
623,126086
624,126086
625,126086
626,126086
627,126086
628,126086
629,126086
630,126086
631,126086
632,126086
633,126086
634,126086
635,126086
636,126086
637,126086
638,126086
639,126086
640,126086
641,126086
642,126086
643,126086
644,126086
645,126086
646,126086
647,126086
648,126086
649,126086
650,126086
651,126086
652,126086
653,126086
654,126086
655,126086
656,126086
657,126086
658,126086
659,126086
660,126086
661,126086
662,126086
663,126086
664,126086
665,126086
666,126086
667,126086
668,126086
669,126086
670,126086
671,126086
672,126086
673,126086
674,126086
675,126086
676,126086
677,126086
678,126086
679,126086
680,126086
681,126086
682,126086
683,126086
684,126086
685,126086
686,126086
687,126086
688,126086
689,126086
690,126086
691,126086
692,126086
693,126086
694,126086
695,126086
696,126086
697,126086
698,126086
699,126086
700,126086
701,126086
702,126086
703,126086
704,126086
705,126086
706,126086
707,126086
708,126086
709,126086
710,126086
711,126086
712,126086
713,126086
714,126086
715,126086
716,126086
717,126086
718,126086
719,126086
720,126086
721,126086
722,126086
723,126086
724,126086
725,126086
726,126086
727,126086
728,126086
729,126086
730,126086
731,126086
732,126086
733,126086
734,126086
735,126086
736,126086
737,126086
738,126086
739,126086
740,126086
741,126086
742,126086
743,126086
744,126086
745,126086
746,126086
747,126086
748,126086
749,126086
750,126086
751,126086
752,126086
753,126086
754,126086
755,126086
756,126086
757,126086
758,126086
759,126086
760,126086
761,126086
762,126086
763,126086
764,126086
765,126086
766,126086
767,126086
768,126086
769,126086
770,126086
771,126086
772,126086
773,126086
774,126086
775,126086
776,126086
777,126086
778,126086
779,126086
780,126086
781,126086
782,126086
783,126086
784,126086
785,126086
786,126086
787,126086
788,126086
789,126086
790,126086
791,126086
792,126086
793,126086
794,126086
795,126086
796,126086
797,126086
798,126086
799,126086
800,126086
801,126086
802,126086
803,126086
804,126086
805,126086
806,126086
807,126086
808,126086
809,126086
810,126086
811,126086
812,126086
813,126086
814,126086
815,126086
816,126086
817,126086
818,126086
819,126086
820,126086
821,126086
822,126086
823,126086
824,126086
825,126086
826,126086
827,126086
828,126086
829,126086
830,126086
831,126086
832,126086
833,126086
834,126086
835,126086
836,126086
837,126086
838,126086
839,126086
840,126086
841,126086
842,126086
843,126086
844,126086
845,126086
846,126086
847,126086
848,126086
849,126086
850,126086
851,126086
852,126086
853,126086
854,126086
855,126086
856,126086
857,126086
858,126086
859,126086
860,126086
861,126086
862,126086
863,126086
864,126086
865,126086
866,126086
867,126086
868,126086
869,126086
870,126086
871,126086
872,126086
873,126086
874,126086
875,126086
876,126086
877,126086
878,126086
879,126086
880,126086
881,126086
882,126086
883,126086
884,126086
885,126086
886,126086
887,126086
888,126086
889,126086
890,126086
891,126086
892,126086
893,126086
894,126086
895,126086
896,126086
897,126086
898,126086
899,126086
900,126086
901,126086
902,126086
903,126086
904,126086
905,126086
906,126086
907,126086
908,126086
909,126086
910,126086
911,126086
912,126086
913,126086
914,126086
915,126086
916,126086
917,126086
918,126086
919,126086
920,126086
921,126086
922,126086
923,126086
924,126086
925,126086
926,126086
927,126086
928,126086
929,126086
930,126086
931,126086
932,126086
933,126086
934,126086
935,126086
936,126086
937,126086
938,126086
939,126086
940,126086
941,126086
942,126086
943,126086
944,126086
945,126086
946,126086
947,126086
948,126086
949,126086
950,126086
951,126086
952,126086
953,126086
954,126086
955,126086
956,126086
957,126086
958,126086
959,126086
960,126086
961,126086
962,126086
963,126086
964,126086
965,126086
966,126086
967,126086
968,126086
969,126086
970,126086
971,126086
972,126086
973,126086
974,126086
975,126086
976,126086
977,126086
978,126086
979,126086
980,126086
981,126086
982,126086
983,126086
984,126086
985,126086
986,126086
987,126086
988,126086
989,126086
990,126086
991,126086
992,126086
993,126086
994,126086
995,126086
996,126086
997,126086
998,126086
999,126086
1000,126086
1001,126086
1002,126086
1003,126086
1004,126086
1005,126086
1006,126086
1007,126086
1008,126086
1009,126086
1010,126086
1011,126086
1012,126086
1013,126086
1014,126086
1015,126086
1016,126086
1017,126086
1018,126086
1019,126086
1020,126086
1021,126086
1022,126086
1023,126086
1024,126086
1025,126086
1026,126086
1027,126086
1028,126086
1029,126086
1030,126086
1031,126086
1032,126086
1033,126086
1034,126086
1035,126086
1036,126086
1037,126086
1038,126086
1039,126086
1040,126086
1041,126086
1042,126086
1043,126086
1044,126086
1045,126086
1046,126086
1047,126086
1048,126086
1049,126086
1050,126086
1051,126086
1052,126086
1053,126086
1054,126086
1055,126086
1056,126086
1057,126086
1058,126086
1059,126086
1060,126086
1061,126086
1062,126086
1063,126086
1064,126086
1065,126086
1066,126086
1067,126086
1068,126086
1069,126086
1070,126086
1071,126086
1072,126086
1073,126086
1074,126086
1075,126086
1076,126086
1077,126086
1078,126086
1079,126086
1080,126086
1081,126086
1082,126086
1083,126086
1084,126086
1085,126086
1086,126086
1087,126086
1088,126086
1089,126086
1090,126086
1091,126086
1092,126086
1093,126086
1094,126086
1095,126086
1096,126086
1097,126086
1098,126086
1099,126086
1100,126086
1101,126086
1102,126086
1103,126086
1104,126086
1105,126086
1106,126086
1107,126086
1108,126086
1109,126086
1110,126086
1111,126086
1112,126086
1113,126086
1114,126086
1115,126086
1116,126086
1117,126086
1118,126086
1119,126086
1120,126086
1121,126086
1122,126086
1123,126086
1124,126086
1125,126086
1126,126086
1127,126086
1128,126086
1129,126086
1130,126086
1131,126086
1132,126086
1133,126086
1134,126086
1135,126086
1136,126086
1137,126086
1138,126086
1139,126086
1140,126086
1141,126086
1142,126086
1143,126086
1144,126086
1145,126086
1146,126086
1147,126086
1148,126086
1149,126086
1150,126086
1151,126086
1152,126086
1153,126086
1154,126086
1155,126086
1156,126086
1157,126086
1158,126086
1159,126086
1160,126086
1161,126086
1162,126086
1163,126086
1164,126086
1165,126086
1166,126086
1167,126086
1168,126086
1169,126086
1170,126086
1171,126086
1172,126086
1173,126086
1174,126086
1175,126086
1176,126086
1177,126086
1178,126086
1179,126086
1180,126086
1181,126086
1182,126086
1183,126086
1184,126086
1185,126086
1186,126086
1187,126086
1188,126086
1189,126086
1190,126086
1191,126086
1192,126086
1193,126086
1194,126086
1195,126086
1196,126086
1197,126086
1198,126086
1199,126086
1200,126086
1201,126086
1202,126086
1203,126086
1204,126086
1205,126086
1206,126086
1207,126086
1208,126086
1209,126086
1210,126086
1211,126086
1212,126086
1213,126086
1214,126086
1215,126086
1216,126086
1217,126086
1218,126086
1219,126086
1220,126086
1221,126086
1222,126086
1223,126086
1224,126086
1225,126086
1226,126086
1227,126086
1228,126086
1229,126086
1230,126086
1231,126086
1232,126086
1233,126086
1234,126086
1235,126086
1236,126086
1237,126086
1238,126086
1239,126086
1240,126086
1241,126086
1242,126086
1243,126086
1244,126086
1245,126086
1246,126086
1247,126086
1248,126086
1249,126086
1250,126086
1251,126086
1252,126086
1253,126086
1254,126086
1255,126086
1256,126086
1257,126086
1258,126086
1259,126086
1260,126086
1261,126086
1262,126086
