temperatura,makespan
10000.00000,1603
9900.00000,269
9801.00000,325
9702.99023,336
9605.95996,311
9509.90039,327
9414.80176,337
9320.65430,340
9227.44824,388
9135.17383,447
9043.82227,495
8953.38379,383
8863.84961,532
8775.21094,477
8687.45898,424
8600.58496,345
8514.57910,346
8429.43359,328
8345.13965,293
8261.68848,324
8179.07178,323
8097.28125,317
8016.30859,367
7936.14551,368
7856.78418,368
7778.21631,341
7700.43408,370
7623.42969,339
7547.19531,327
7471.72363,321
7397.00635,308
7323.03613,274
7249.80566,290
7177.30762,272
7105.53467,255
7034.47949,251
6964.13477,233
6894.49365,270
6825.54883,218
6757.29346,233
6689.72070,218
6622.82373,214
6556.59570,221
6491.02979,235
6426.11963,221
6361.85840,258
6298.23975,245
6235.25732,277
6172.90479,295
6111.17578,247
6050.06396,244
5989.56348,292
5929.66797,344
5870.37158,270
5811.66797,249
5753.55127,313
5696.01562,307
5639.05566,287
5582.66504,287
5526.83838,263
5471.56982,264
5416.85400,300
5362.68555,322
5309.05859,317
5255.96826,310
5203.40869,279
5151.37451,256
5099.86084,255
5048.86230,337
4998.37354,335
4948.38965,257
4898.90576,257
4849.91699,310
4801.41797,400
4753.40381,305
4705.86963,331
4658.81104,324
4612.22314,393
4566.10107,494
4520.43994,366
4475.23535,334
4430.48291,442
4386.17822,469
4342.31641,407
4298.89307,407
4255.90430,399
4213.34521,301
4171.21191,302
4129.50000,374
4088.20508,288
4047.32300,325
4006.84985,395
3966.78149,391
3927.11377,405
3887.84277,342
3848.96436,312
3810.47485,393
3772.37012,463
3734.64648,439
3697.30005,275
3660.32715,268
3623.72388,271
3587.48657,287
3551.61182,407
3516.09570,341
3480.93481,327
3446.12549,351
3411.66431,310
3377.54761,283
3343.77222,328
3310.33447,449
3277.23120,378
3244.45898,378
3212.01440,420
3179.89429,409
3148.09546,387
3116.61450,358
3085.44849,337
3054.59399,377
3024.04810,373
2993.80762,385
2963.86963,389
2934.23096,419
2904.88867,328
2875.83984,409
2847.08154,374
2818.61084,341
2790.42480,387
2762.52051,294
2734.89526,280
2707.54639,260
2680.47095,271
2653.66626,297
2627.12964,300
2600.85840,297
2574.84985,261
2549.10132,291
2523.61035,311
2498.37427,273
2473.39062,274
2448.65674,327
2424.17017,297
2399.92847,304
2375.92920,280
2352.16992,276
2328.64819,259
2305.36182,230
2282.30811,285
2259.48511,299
2236.89038,290
2214.52148,304
2192.37622,302
2170.45239,330
2148.74780,307
2127.26025,401
2105.98779,303
2084.92798,320
2064.07861,332
2043.43787,363
2023.00354,393
2002.77356,338
1982.74585,350
1962.91846,348
1943.28931,391
1923.85645,509
1904.61792,336
1885.57178,366
1866.71606,413
1848.04895,485
1829.56848,276
1811.27283,380
1793.16016,406
1775.22852,425
1757.47620,345
1739.90149,386
1722.50244,363
1705.27747,415
1688.22473,381
1671.34253,262
1654.62915,291
1638.08289,322
1621.70203,360
1605.48499,296
1589.43018,438
1573.53589,373
1557.80054,344
1542.22253,383
1526.80029,390
1511.53235,383
1496.41699,476
1481.45288,403
1466.63831,346
1451.97192,344
1437.45227,318
1423.07776,318
1408.84705,330
1394.75854,397
1380.81091,374
1367.00281,321
1353.33276,345
1339.79944,373
1326.40149,495
1313.13745,417
1300.00610,413
1287.00610,347
1274.13611,347
1261.39478,438
1248.78088,450
1236.29309,487
1223.93018,344
1211.69092,304
1199.57397,426
1187.57825,380
1175.70251,366
1163.94556,406
1152.30615,350
1140.78308,292
1129.37524,269
1118.08154,267
1106.90076,267
1095.83179,267
1084.87354,306
1074.02478,390
1063.28455,434
1052.65173,354
1042.12524,349
1031.70398,342
1021.38696,357
1011.17310,325
1001.06140,325
991.05078,345
981.14026,368
971.32886,291
961.61560,287
951.99945,275
942.47949,248
933.05469,290
923.72412,232
914.48688,216
905.34204,293
896.28864,228
887.32574,256
878.45251,215
869.66797,221
860.97131,233
852.36163,239
843.83801,239
835.39966,200
827.04565,265
818.77521,224
810.58746,221
802.48157,239
794.45679,201
786.51221,207
778.64709,224
770.86066,227
763.15204,197
755.52051,264
747.96533,224
740.48566,201
733.08081,200
725.75000,197
718.49249,239
711.30756,233
704.19446,221
697.15253,261
690.18103,233
683.27924,224
676.44647,205
669.68201,197
662.98517,233
656.35535,215
649.79181,241
643.29388,220
636.86096,215
630.49237,233
624.18744,205
617.94556,197
611.76611,200
605.64844,233
599.59198,259
593.59607,197
587.66010,261
581.78351,224
575.96570,205
570.20605,199
564.50403,197
558.85901,215
553.27045,239
547.73773,233
542.26038,215
536.83777,221
531.46942,259
526.15472,220
520.89319,197
515.68427,221
510.52744,220
505.42218,259
500.36795,239
495.36429,215
490.41064,259
485.50653,241
480.65146,197
475.84494,262
471.08649,200
466.37564,197
461.71188,256
457.09476,250
452.52380,220
447.99857,197
443.51859,259
439.08340,220
434.69257,197
430.34564,187
426.04218,222
421.78177,257
417.56396,184
413.38834,275
409.25446,228
405.16193,277
401.11032,274
397.09921,275
393.12823,228
389.19696,249
385.30499,239
381.45193,240
377.63742,216
373.86105,242
370.12244,203
366.42120,184
362.75699,204
359.12943,184
355.53815,220
351.98276,181
348.46292,181
344.97830,204
341.52853,200
338.11325,187
334.73212,205
331.38480,204
328.07095,200
324.79025,199
321.54236,205
318.32693,204
315.14368,208
311.99225,173
308.87231,184
305.78360,185
302.72577,208
299.69852,212
296.70154,191
293.73453,191
290.79718,173
287.88922,203
285.01035,209
282.16025,185
279.33865,208
276.54526,185
273.77982,184
271.04202,212
268.33160,173
265.64828,184
262.99179,212
260.36188,208
257.75827,173
255.18069,208
252.62889,184
250.10260,185
247.60158,191
245.12556,185
242.67432,212
240.24757,173
237.84511,191
235.46666,185
233.11200,203
230.78088,208
228.47308,191
226.18835,185
223.92647,204
221.68721,184
219.47034,203
217.27563,204
215.10287,185
212.95184,184
210.82233,191
208.71411,185
206.62697,191
204.56070,185
202.51509,184
200.48994,173
198.48505,185
196.50020,209
194.53520,185
192.58986,173
190.66396,204
188.75732,184
186.86975,203
185.00105,185
183.15105,185
181.31953,191
179.50635,184
177.71129,204
175.93417,191
174.17484,184
172.43309,185
170.70876,212
169.00166,185
167.31165,173
165.63853,191
163.98215,184
162.34233,185
160.71890,173
159.11171,204
157.52060,184
155.94539,173
154.38594,208
152.84209,204
151.31367,185
149.80054,173
148.30254,184
146.81952,173
145.35132,208
143.89781,184
142.45883,203
141.03424,185
139.62390,203
138.22766,185
136.84538,209
135.47693,191
134.12216,185
132.78094,203
131.45314,204
130.13861,203
128.83722,209
127.54885,208
126.27336,185
125.01063,208
123.76052,185
122.52292,212
121.29769,209
120.08472,173
118.88387,185
117.69504,208
116.51809,212
115.35291,173
114.19939,209
113.05740,184
111.92683,184
110.80756,184
109.69948,208
108.60249,184
107.51646,203
106.44130,185
105.37688,208
104.32312,185
103.27989,173
102.24709,185
101.22462,191
100.21238,191
99.21026,185
98.21815,191
97.23598,203
96.26362,185
95.30098,203
94.34797,184
93.40449,204
92.47044,191
91.54574,185
90.63028,204
89.72398,173
88.82674,173
87.93847,203
87.05908,204
86.18849,209
85.32661,173
84.47334,212
83.62861,203
82.79232,204
81.96440,203
81.14476,173
80.33331,173
79.52998,191
78.73469,184
77.94734,185
77.16787,208
76.39619,185
75.63223,203
74.87591,208
74.12715,185
73.38588,185
72.65202,204
71.92551,184
71.20625,173
70.49419,208
69.78925,191
69.09136,185
68.40045,173
67.71645,184
67.03928,212
66.36889,204
65.70520,212
65.04815,203
64.39767,212
63.75369,204
63.11616,184
62.48500,208
61.86015,191
61.24154,173
60.62913,184
60.02284,191
59.42261,185
58.82838,185
58.24010,185
57.65770,208
57.08112,209
56.51031,203
55.94521,208
55.38576,173
54.83190,173
54.28358,208
53.74075,184
53.20334,185
52.67131,212
52.14460,208
51.62315,191
51.10692,208
50.59585,184
50.08989,212
49.58899,173
49.09310,204
48.60217,203
48.11615,191
47.63499,203
47.15864,208
46.68706,191
46.22019,173
45.75799,173
45.30041,184
44.84740,191
44.39893,191
43.95494,203
43.51539,185
43.08024,185
42.64944,173
42.22294,208
41.80071,203
41.38271,185
40.96888,184
40.55919,204
40.15360,212
39.75207,204
39.35455,191
38.96100,185
38.57139,184
38.18568,185
37.80383,204
37.42579,208
37.05153,185
36.68102,184
36.31421,203
35.95107,184
35.59156,173
35.23565,184
34.88329,173
34.53446,173
34.18911,173
33.84722,185
33.50875,204
33.17366,204
32.84193,204
32.51351,191
32.18837,209
31.86649,203
31.54782,185
31.23235,212
30.92002,173
30.61082,173
30.30472,185
30.00167,185
29.70165,212
29.40464,203
29.11059,191
28.81948,203
28.53129,184
28.24598,203
27.96352,184
27.68388,184
27.40705,185
27.13297,185
26.86164,185
26.59303,185
26.32710,185
26.06383,212
25.80319,204
25.54516,173
25.28971,173
25.03681,208
24.78644,191
24.53858,191
24.29319,173
24.05026,173
23.80976,173
23.57166,185
23.33594,173
23.10258,173
22.87156,173
22.64284,173
22.41641,185
22.19225,185
21.97033,191
21.75063,191
21.53312,184
21.31779,209
21.10461,212
20.89356,185
20.68463,191
20.47778,209
20.27301,185
20.07028,204
19.86957,185
19.67088,184
19.47417,184
19.27943,204
19.08663,204
18.89577,184
18.70681,184
18.51974,173
18.33454,185
18.15120,185
17.96969,185
17.78999,184
17.61209,184
17.43597,185
17.26161,173
17.08899,173
16.91810,184
16.74892,185
16.58143,185
16.41562,184
16.25146,184
16.08895,184
15.92806,184
15.76878,184
15.61109,184
15.45498,185
15.30043,191
15.14743,212
14.99595,191
14.84599,185
14.69753,203
14.55056,208
14.40505,184
14.26100,184
14.11839,184
13.97721,203
13.83744,173
13.69906,173
13.56207,173
13.42645,173
13.29219,173
13.15927,173
13.02767,173
12.89740,173
12.76842,173
12.64074,173
12.51433,173
12.38919,185
12.26530,209
12.14264,212
12.02122,209
11.90100,203
11.78199,203
11.66418,209
11.54753,185
11.43206,185
11.31774,173
11.20456,173
11.09251,173
10.98159,173
10.87177,173
10.76306,173
10.65543,173
10.54887,173
10.44338,173
10.33895,185
10.23556,185
10.13320,185
10.03187,185
9.93155,185
9.83224,191
9.73391,185
9.63658,185
9.54021,185
9.44481,185
9.35036,185
9.25686,185
9.16429,185
9.07265,173
8.98192,173
8.89210,173
8.80318,173
8.71515,173
8.62800,173
8.54172,173
8.45630,173
8.37174,173
8.28802,185
8.20514,185
8.12309,185
8.04186,191
7.96144,191
7.88182,191
7.80301,184
7.72498,184
7.64773,185
7.57125,184
7.49554,184
7.42058,184
7.34638,184
7.27291,184
7.20018,184
7.12818,185
7.05690,185
6.98633,203
6.91647,173
6.84730,173
6.77883,173
6.71104,173
6.64393,173
6.57749,173
6.51172,173
6.44660,173
6.38213,173
6.31831,173
6.25513,173
6.19258,208
6.13065,191
6.06935,184
6.00865,185
5.94857,184
5.88908,185
5.83019,185
5.77189,173
5.71417,173
5.65703,173
5.60046,173
5.54445,173
5.48901,173
5.43412,173
5.37978,173
5.32598,173
5.27272,173
5.21999,173
5.16779,173
5.11611,173
5.06495,173
5.01430,173
4.96416,173
4.91452,173
4.86537,173
4.81672,173
4.76855,173
4.72087,173
4.67366,173
4.62692,173
4.58065,173
4.53485,173
4.48950,173
4.44460,173
4.40016,173
4.35616,173
4.31259,173
4.26947,173
4.22677,173
4.18451,173
4.14266,173
4.10123,173
4.06022,173
4.01962,173
3.97942,173
3.93963,173
3.90023,184
3.86123,184
3.82262,173
3.78439,173
3.74655,173
3.70908,173
3.67199,173
3.63527,173
3.59892,173
3.56293,173
3.52730,173
3.49203,173
3.45711,173
3.42254,173
3.38831,173
3.35443,173
3.32088,173
3.28768,173
3.25480,173
3.22225,173
3.19003,173
3.15813,173
3.12655,173
3.09528,173
3.06433,173
3.03369,173
3.00335,173
2.97332,173
2.94358,173
2.91415,173
2.88500,173
2.85615,173
2.82759,173
2.79932,173
2.77132,173
2.74361,173
2.71617,173
2.68901,173
2.66212,173
2.63550,173
2.60915,173
2.58306,173
2.55722,173
2.53165,173
2.50634,173
2.48127,173
2.45646,173
2.43190,173
2.40758,173
2.38350,173
2.35967,173
2.33607,173
2.31271,173
2.28958,173
2.26669,173
2.24402,173
2.22158,173
2.19936,173
2.17737,173
2.15560,173
2.13404,173
2.11270,173
2.09157,173
2.07066,173
2.04995,173
2.02945,173
2.00916,173
1.98906,173
1.96917,173
1.94948,173
1.92999,173
1.91069,173
1.89158,173
1.87267,173
1.85394,173
1.83540,173
1.81705,173
1.79887,173
1.78089,173
1.76308,173
1.74545,173
1.72799,173
1.71071,173
1.69361,173
1.67667,173
1.65990,173
1.64330,173
1.62687,173
1.61060,173
1.59450,173
1.57855,173
1.56277,173
1.54714,173
1.53167,173
1.51635,173
1.50119,173
1.48617,173
1.47131,173
1.45660,173
1.44203,173
1.42761,173
1.41334,173
1.39920,173
1.38521,173
1.37136,173
1.35765,173
1.34407,173
1.33063,173
1.31732,173
1.30415,173
1.29111,173
1.27820,173
1.26541,173
1.25276,173
1.24023,173
1.22783,173
1.21555,173
1.20340,173
1.19136,173
1.17945,173
1.16765,173
1.15598,173
1.14442,173
1.13297,173
1.12164,173
1.11043,173
1.09932,173
1.08833,173
1.07745,173
1.06667,173
1.05601,173
1.04545,173
1.03499,173
1.02464,173
1.01440,173
1.00425,173
0.99421,173
0.98427,173
0.97442,173
0.96468,173
0.95503,173
0.94548,173
0.93603,173
0.92667,173
0.91740,173
0.90823,173
0.89914,173
0.89015,173
0.88125,173
0.87244,173
0.86372,173
0.85508,173
0.84653,173
0.83806,173
0.82968,173
0.82138,173
0.81317,173
0.80504,173
0.79699,173
0.78902,173
0.78113,173
0.77332,173
0.76558,173
0.75793,173
0.75035,173
0.74285,173
0.73542,173
0.72806,173
0.72078,173
0.71357,173
0.70644,173
0.69937,173
0.69238,173
0.68546,173
0.67860,173
0.67182,173
0.66510,173
0.65845,173
0.65186,173
0.64534,173
0.63889,173
0.63250,173
0.62618,173
0.61991,173
0.61372,173
0.60758,173
0.60150,173
0.59549,173
0.58953,173
0.58364,173
0.57780,173
0.57202,173
0.56630,173
0.56064,173
0.55503,173
0.54948,173
0.54399,173
0.53855,173
0.53316,173
0.52783,173
0.52255,173
0.51733,173
0.51215,173
0.50703,173
0.50196,173
0.49694,173
0.49197,173
0.48705,173
0.48218,173
0.47736,173
0.47259,173
0.46786,173
0.46318,173
0.45855,173
0.45397,173
0.44943,173
0.44493,173
0.44048,173
0.43608,173
0.43172,173
0.42740,173
0.42313,173
0.41889,173
0.41471,173
0.41056,173
0.40645,173
0.40239,173
0.39836,173
0.39438,173
0.39044,173
0.38653,173
0.38267,173
0.37884,173
0.37505,173
0.37130,173
0.36759,173
0.36391,173
0.36027,173
0.35667,173
0.35310,173
0.34957,173
0.34608,173
0.34262,173
0.33919,173
0.33580,173
0.33244,173
0.32912,173
0.32583,173
0.32257,173
0.31934,173
0.31615,173
0.31299,173
0.30986,173
0.30676,173
0.30369,173
0.30065,173
0.29765,173
0.29467,173
0.29172,173
0.28881,173
0.28592,173
0.28306,173
0.28023,173
0.27743,173
0.27465,173
0.27191,173
0.26919,173
0.26649,173
0.26383,173
0.26119,173
0.25858,173
0.25599,173
0.25343,173
0.25090,173
0.24839,173
0.24591,173
0.24345,173
0.24101,173
0.23860,173
0.23622,173
0.23385,173
0.23152,173
0.22920,173
0.22691,173
0.22464,173
0.22239,173
0.22017,173
0.21797,173
0.21579,173
0.21363,173
0.21149,173
0.20938,173
0.20729,173
0.20521,173
0.20316,173
0.20113,173
0.19912,173
0.19713,173
0.19516,173
0.19320,173
0.19127,173
0.18936,173
0.18747,173
0.18559,173
0.18373,173
0.18190,173
0.18008,173
0.17828,173
0.17649,173
0.17473,173
0.17298,173
0.17125,173
0.16954,173
0.16784,173
0.16617,173
0.16450,173
0.16286,173
0.16123,173
0.15962,173
0.15802,173
0.15644,173
0.15488,173
0.15333,173
0.15180,173
0.15028,173
0.14878,173
0.14729,173
0.14581,173
0.14436,173
0.14291,173
0.14148,173
0.14007,173
0.13867,173
0.13728,173
0.13591,173
0.13455,173
0.13320,173
0.13187,173
0.13055,173
0.12925,173
0.12796,173
0.12668,173
0.12541,173
0.12415,173
0.12291,173
0.12168,173
0.12047,173
0.11926,173
0.11807,173
0.11689,173
0.11572,173
0.11456,173
0.11342,173
0.11228,173
0.11116,173
0.11005,173
0.10895,173
0.10786,173
0.10678,173
0.10571,173
0.10466,173
0.10361,173
0.10257,173
0.10155,173
0.10053,173
