temperatura,makespan
10000.00000,19773
9900.00000,1443
9801.00000,1399
9702.99023,1451
9605.95996,1404
9509.90039,1510
9414.80176,1504
9320.65430,1420
9227.44824,1561
9135.17383,1485
9043.82227,1311
8953.38379,1223
8863.84961,1235
8775.21094,1251
8687.45898,1227
8600.58496,1184
8514.57910,1176
8429.43359,1235
8345.13965,1285
8261.68848,1200
8179.07178,1174
8097.28125,1263
8016.30859,1219
7936.14551,1173
7856.78418,1162
7778.21631,1183
7700.43408,1154
7623.42969,1144
7547.19531,1136
7471.72363,1128
7397.00635,1116
7323.03613,1130
7249.80566,1115
7177.30762,1172
7105.53467,1137
7034.47949,1094
6964.13477,1078
6894.49365,1078
6825.54883,1078
6757.29346,1131
6689.72070,1086
6622.82373,1075
6556.59570,1127
6491.02979,1078
6426.11963,1069
6361.85840,1066
6298.23975,1054
6235.25732,1120
6172.90479,1168
6111.17578,1078
6050.06396,1055
5989.56348,1050
5929.66797,1041
5870.37158,1037
5811.66797,1062
5753.55127,1094
5696.01562,1033
5639.05566,1056
5582.66504,1067
5526.83838,1041
5471.56982,1067
5416.85400,1072
5362.68555,1056
5309.05859,1057
5255.96826,1067
5203.40869,1033
5151.37451,1030
5099.86084,1104
5048.86230,1030
4998.37354,1031
4948.38965,1049
4898.90576,1109
4849.91699,1117
4801.41797,1115
4753.40381,1050
4705.86963,1054
4658.81104,1078
4612.22314,1102
4566.10107,1073
4520.43994,1105
4475.23535,1111
4430.48291,1035
4386.17822,1032
4342.31641,1029
4298.89307,1049
4255.90430,1080
4213.34521,1093
4171.21191,1114
4129.50000,1084
4088.20508,1081
4047.32300,1071
4006.84985,1073
3966.78149,1086
3927.11377,1071
3887.84277,1068
3848.96436,1093
3810.47485,1048
3772.37012,1111
3734.64648,1086
3697.30005,1077
3660.32715,1118
3623.72388,1114
3587.48657,1093
3551.61182,1169
3516.09570,1074
3480.93481,1068
3446.12549,1074
3411.66431,1050
3377.54761,1041
3343.77222,1032
3310.33447,1072
3277.23120,1029
3244.45898,1029
3212.01440,1045
3179.89429,1087
3148.09546,1038
3116.61450,1049
3085.44849,1045
3054.59399,1088
3024.04810,1029
2993.80762,1075
2963.86963,1076
2934.23096,1054
2904.88867,1086
2875.83984,1038
2847.08154,1022
2818.61084,1020
2790.42480,1050
2762.52051,1083
2734.89526,1050
2707.54639,1040
2680.47095,1050
2653.66626,1064
2627.12964,1078
2600.85840,1096
2574.84985,1090
2549.10132,1089
2523.61035,1090
2498.37427,1071
2473.39062,1090
2448.65674,1071
2424.17017,1068
2399.92847,1064
2375.92920,1064
2352.16992,1105
2328.64819,1045
2305.36182,1071
2282.30811,1093
2259.48511,1049
2236.89038,1078
2214.52148,1067
2192.37622,1105
2170.45239,1104
2148.74780,1090
2127.26025,1064
2105.98779,1126
2084.92798,1054
2064.07861,1105
2043.43787,1064
2023.00354,1076
2002.77356,1141
1982.74585,1092
1962.91846,1030
1943.28931,1044
1923.85645,1083
1904.61792,1030
1885.57178,1060
1866.71606,1048
1848.04895,1061
1829.56848,1068
1811.27283,1054
1793.16016,1108
1775.22852,1093
1757.47620,1044
1739.90149,1080
1722.50244,1041
1705.27747,1058
1688.22473,1041
1671.34253,1093
1654.62915,1077
1638.08289,1061
1621.70203,1080
1605.48499,1030
1589.43018,1057
1573.53589,1032
1557.80054,1030
1542.22253,1054
1526.80029,1080
1511.53235,1083
1496.41699,1081
1481.45288,1054
1466.63831,1044
1451.97192,1043
1437.45227,1076
1423.07776,1070
1408.84705,1056
1394.75854,1025
1380.81091,1057
1367.00281,1045
1353.33276,1031
1339.79944,1081
1326.40149,1062
1313.13745,1070
1300.00610,1038
1287.00610,1045
1274.13611,1070
1261.39478,1045
1248.78088,1025
1236.29309,1054
1223.93018,1067
1211.69092,1090
1199.57397,1107
1187.57825,1074
1175.70251,1058
1163.94556,1088
1152.30615,1068
1140.78308,1078
1129.37524,1103
1118.08154,1090
1106.90076,1064
1095.83179,1078
1084.87354,1058
1074.02478,1056
1063.28455,1045
1052.65173,1093
1042.12524,1077
1031.70398,1090
1021.38696,1040
1011.17310,1040
1001.06140,1071
991.05078,1058
981.14026,1076
971.32886,1116
961.61560,1078
951.99945,1095
942.47949,1064
933.05469,1063
923.72412,1060
914.48688,1125
905.34204,1063
896.28864,1050
887.32574,1057
878.45251,1050
869.66797,1112
860.97131,1119
852.36163,1083
843.83801,1041
835.39966,1083
827.04565,1068
818.77521,1037
810.58746,1119
802.48157,1078
794.45679,1058
786.51221,1037
778.64709,1074
770.86066,1102
763.15204,1078
755.52051,1049
747.96533,1116
740.48566,1040
733.08081,1071
725.75000,1090
718.49249,1078
711.30756,1126
704.19446,1157
697.15253,1071
690.18103,1049
683.27924,1093
676.44647,1078
669.68201,1057
662.98517,1049
656.35535,1054
649.79181,1078
643.29388,1049
636.86096,1072
630.49237,1037
624.18744,1105
617.94556,1058
611.76611,1139
605.64844,1111
599.59198,1094
593.59607,1114
587.66010,1150
581.78351,1078
575.96570,1071
570.20605,1129
564.50403,1130
558.85901,1120
553.27045,1110
547.73773,1149
542.26038,1080
536.83777,1066
531.46942,1084
526.15472,1094
520.89319,1071
515.68427,1062
510.52744,1148
505.42218,1074
500.36795,1044
495.36429,1052
490.41064,1062
485.50653,1077
480.65146,1041
475.84494,1040
471.08649,1039
466.37564,1037
461.71188,1081
457.09476,1113
452.52380,1081
447.99857,1108
443.51859,1118
439.08340,1060
434.69257,1032
430.34564,1024
426.04218,1100
421.78177,1108
417.56396,1053
413.38834,1068
409.25446,1144
405.16193,1138
401.11032,1116
397.09921,1087
393.12823,1074
389.19696,1071
385.30499,1044
381.45193,1050
377.63742,1074
373.86105,1072
370.12244,1044
366.42120,1044
362.75699,1082
359.12943,1092
355.53815,1084
351.98276,1108
348.46292,1123
344.97830,1038
341.52853,1028
338.11325,1032
334.73212,1082
331.38480,1028
328.07095,1042
324.79025,1049
321.54236,1071
318.32693,1028
315.14368,1055
311.99225,1032
308.87231,1056
305.78360,1029
302.72577,1042
299.69852,1055
296.70154,1027
293.73453,1055
290.79718,1028
287.88922,1020
285.01035,1033
282.16025,1020
279.33865,1064
276.54526,1020
273.77982,1104
271.04202,1037
268.33160,1037
265.64828,1064
262.99179,1077
260.36188,1075
257.75827,1041
255.18069,1087
252.62889,1075
250.10260,1082
247.60158,1068
245.12556,1063
242.67432,1044
240.24757,1020
237.84511,1071
235.46666,1104
233.11200,1058
230.78088,1093
228.47308,1106
226.18835,1078
223.92647,1067
221.68721,1040
219.47034,1057
217.27563,1064
215.10287,1078
212.95184,1044
210.82233,1044
208.71411,1040
206.62697,1050
204.56070,1037
202.51509,1077
200.48994,1164
198.48505,1115
196.50020,1082
194.53520,1112
192.58986,1045
190.66396,1056
188.75732,1036
186.86975,1036
185.00105,1106
183.15105,1077
181.31953,1066
179.50635,1077
177.71129,1068
175.93417,1082
174.17484,1037
172.43309,1070
170.70876,1037
169.00166,1039
167.31165,1091
165.63853,1075
163.98215,1058
162.34233,1058
160.71890,1129
159.11171,1076
157.52060,1063
155.94539,1110
154.38594,1124
152.84209,1081
151.31367,1058
149.80054,1062
148.30254,1050
146.81952,1113
145.35132,1042
143.89781,1039
142.45883,1039
141.03424,1050
139.62390,1053
138.22766,1050
136.84538,1039
135.47693,1037
134.12216,1036
132.78094,1035
131.45314,1031
130.13861,1102
128.83722,1087
127.54885,1106
126.27336,1134
125.01063,1165
123.76052,1128
122.52292,1088
121.29769,1121
120.08472,1117
118.88387,1093
117.69504,1063
116.51809,1039
115.35291,1039
114.19939,1032
113.05740,1087
111.92683,1031
110.80756,1066
109.69948,1028
108.60249,1031
107.51646,1032
106.44130,1032
105.37688,1055
104.32312,1055
103.27989,1083
102.24709,1077
101.22462,1064
100.21238,1071
99.21026,1053
98.21815,1051
97.23598,1104
96.26362,1086
95.30098,1063
94.34797,1058
93.40449,1053
92.47044,1077
91.54574,1049
90.63028,1049
89.72398,1064
88.82674,1067
87.93847,1049
87.05908,1102
86.18849,1124
85.32661,1124
84.47334,1077
83.62861,1055
82.79232,1057
81.96440,1053
81.14476,1058
80.33331,1075
79.52998,1109
78.73469,1109
77.94734,1099
77.16787,1091
76.39619,1109
75.63223,1063
74.87591,1049
74.12715,1046
73.38588,1035
72.65202,1035
71.92551,1035
71.20625,1081
70.49419,1119
69.78925,1071
69.09136,1055
68.40045,1053
67.71645,1053
67.03928,1053
66.36889,1053
65.70520,1081
65.04815,1124
64.39767,1119
63.75369,1076
63.11616,1071
62.48500,1087
61.86015,1058
61.24154,1112
60.62913,1054
60.02284,1081
59.42261,1054
58.82838,1051
58.24010,1050
57.65770,1057
57.08112,1080
56.51031,1080
55.94521,1123
55.38576,1127
54.83190,1077
54.28358,1070
53.74075,1056
53.20334,1097
52.67131,1084
52.14460,1054
51.62315,1096
51.10692,1133
50.59585,1058
50.08989,1055
49.58899,1068
49.09310,1053
48.60217,1081
48.11615,1045
47.63499,1044
47.15864,1068
46.68706,1044
46.22019,1075
45.75799,1068
45.30041,1037
44.84740,1049
44.39893,1120
43.95494,1046
43.51539,1037
43.08024,1046
42.64944,1050
42.22294,1050
41.80071,1050
41.38271,1046
40.96888,1046
40.55919,1046
40.15360,1108
39.75207,1064
39.35455,1067
38.96100,1064
38.57139,1064
38.18568,1078
37.80383,1071
37.42579,1108
37.05153,1067
36.68102,1067
36.31421,1097
35.95107,1064
35.59156,1064
35.23565,1064
34.88329,1078
34.53446,1146
34.18911,1081
33.84722,1072
33.50875,1087
33.17366,1072
32.84193,1056
32.51351,1053
32.18837,1051
31.86649,1051
31.54782,1040
31.23235,1040
30.92002,1040
30.61082,1040
30.30472,1040
30.00167,1040
29.70165,1040
29.40464,1040
29.11059,1040
28.81948,1040
28.53129,1053
28.24598,1051
27.96352,1051
27.68388,1050
27.40705,1067
27.13297,1067
26.86164,1049
26.59303,1051
26.32710,1051
26.06383,1051
25.80319,1050
25.54516,1050
25.28971,1050
25.03681,1050
24.78644,1050
24.53858,1049
24.29319,1053
24.05026,1053
23.80976,1053
23.57166,1050
23.33594,1050
23.10258,1050
22.87156,1050
22.64284,1050
22.41641,1040
22.19225,1040
21.97033,1040
21.75063,1040
21.53312,1040
21.31779,1040
21.10461,1046
20.89356,1046
20.68463,1046
20.47778,1046
20.27301,1046
20.07028,1071
19.86957,1071
19.67088,1049
19.47417,1049
19.27943,1046
19.08663,1051
18.89577,1040
18.70681,1046
18.51974,1046
18.33454,1046
18.15120,1077
17.96969,1049
17.78999,1050
17.61209,1050
17.43597,1053
17.26161,1053
17.08899,1053
16.91810,1053
16.74892,1046
16.58143,1046
16.41562,1077
16.25146,1064
16.08895,1064
15.92806,1049
15.76878,1054
15.61109,1077
15.45498,1078
15.30043,1077
15.14743,1105
14.99595,1093
14.84599,1085
14.69753,1085
14.55056,1078
14.40505,1039
14.26100,1039
14.11839,1038
13.97721,1038
13.83744,1035
13.69906,1035
13.56207,1035
13.42645,1035
13.29219,1036
13.15927,1036
13.02767,1036
12.89740,1034
12.76842,1034
12.64074,1031
12.51433,1031
12.38919,1031
12.26530,1031
12.14264,1031
12.02122,1031
11.90100,1031
11.78199,1031
11.66418,1031
11.54753,1031
11.43206,1031
11.31774,1031
11.20456,1031
11.09251,1033
10.98159,1033
10.87177,1031
10.76306,1031
10.65543,1031
10.54887,1031
10.44338,1031
10.33895,1031
10.23556,1031
10.13320,1031
10.03187,1031
9.93155,1031
9.83224,1031
9.73391,1031
9.63658,1031
9.54021,1031
9.44481,1031
9.35036,1031
9.25686,1031
9.16429,1031
9.07265,1031
8.98192,1031
8.89210,1033
8.80318,1033
8.71515,1033
8.62800,1033
8.54172,1033
8.45630,1033
8.37174,1033
8.28802,1033
8.20514,1033
8.12309,1033
8.04186,1033
7.96144,1031
7.88182,1031
7.80301,1031
7.72498,1031
7.64773,1033
7.57125,1033
7.49554,1031
7.42058,1031
7.34638,1031
7.27291,1031
7.20018,1031
7.12818,1031
7.05690,1031
6.98633,1031
6.91647,1031
6.84730,1031
6.77883,1031
6.71104,1031
6.64393,1031
6.57749,1031
6.51172,1033
6.44660,1033
6.38213,1033
6.31831,1033
6.25513,1033
6.19258,1033
6.13065,1031
6.06935,1031
6.00865,1031
5.94857,1031
5.88908,1031
5.83019,1031
5.77189,1031
5.71417,1031
5.65703,1031
5.60046,1031
5.54445,1031
5.48901,1031
5.43412,1031
5.37978,1031
5.32598,1031
5.27272,1031
5.21999,1031
5.16779,1031
5.11611,1033
5.06495,1033
5.01430,1033
4.96416,1033
4.91452,1033
4.86537,1033
4.81672,1033
4.76855,1033
4.72087,1033
4.67366,1033
4.62692,1033
4.58065,1033
4.53485,1033
4.48950,1033
4.44460,1033
4.40016,1033
4.35616,1033
4.31259,1033
4.26947,1033
4.22677,1033
4.18451,1033
4.14266,1033
4.10123,1033
4.06022,1033
4.01962,1033
3.97942,1031
3.93963,1031
3.90023,1031
3.86123,1031
3.82262,1031
3.78439,1031
3.74655,1033
3.70908,1033
3.67199,1033
3.63527,1033
3.59892,1033
3.56293,1033
3.52730,1033
3.49203,1033
3.45711,1033
3.42254,1033
3.38831,1031
3.35443,1031
3.32088,1031
3.28768,1031
3.25480,1031
3.22225,1031
3.19003,1031
3.15813,1031
3.12655,1031
3.09528,1031
3.06433,1031
3.03369,1031
3.00335,1031
2.97332,1033
2.94358,1033
2.91415,1033
2.88500,1033
2.85615,1033
2.82759,1033
2.79932,1033
2.77132,1033
2.74361,1033
2.71617,1033
2.68901,1033
2.66212,1033
2.63550,1033
2.60915,1033
2.58306,1033
2.55722,1033
2.53165,1033
2.50634,1033
2.48127,1033
2.45646,1033
2.43190,1033
2.40758,1033
2.38350,1033
2.35967,1033
2.33607,1031
2.31271,1031
2.28958,1031
2.26669,1031
2.24402,1031
2.22158,1031
2.19936,1031
2.17737,1031
2.15560,1031
2.13404,1031
2.11270,1031
2.09157,1031
2.07066,1031
2.04995,1031
2.02945,1031
2.00916,1031
1.98906,1031
1.96917,1031
1.94948,1031
1.92999,1031
1.91069,1031
1.89158,1031
1.87267,1031
1.85394,1031
1.83540,1031
1.81705,1031
1.79887,1033
1.78089,1033
1.76308,1031
1.74545,1031
1.72799,1033
1.71071,1033
1.69361,1033
1.67667,1033
1.65990,1033
1.64330,1033
1.62687,1033
1.61060,1033
1.59450,1033
1.57855,1033
1.56277,1033
1.54714,1033
1.53167,1033
1.51635,1033
1.50119,1033
1.48617,1033
1.47131,1033
1.45660,1033
1.44203,1033
1.42761,1033
1.41334,1033
1.39920,1033
1.38521,1033
1.37136,1033
1.35765,1033
1.34407,1033
1.33063,1033
1.31732,1033
1.30415,1033
1.29111,1033
1.27820,1033
1.26541,1033
1.25276,1033
1.24023,1033
1.22783,1033
1.21555,1033
1.20340,1031
1.19136,1031
1.17945,1031
1.16765,1031
1.15598,1031
1.14442,1031
1.13297,1031
1.12164,1031
1.11043,1031
1.09932,1031
1.08833,1031
1.07745,1031
1.06667,1031
1.05601,1031
1.04545,1031
1.03499,1031
1.02464,1031
1.01440,1031
1.00425,1031
0.99421,1031
0.98427,1031
0.97442,1031
0.96468,1031
0.95503,1031
0.94548,1031
0.93603,1031
0.92667,1031
0.91740,1031
0.90823,1031
0.89914,1031
0.89015,1031
0.88125,1031
0.87244,1031
0.86372,1031
0.85508,1031
0.84653,1031
0.83806,1031
0.82968,1031
0.82138,1031
0.81317,1031
0.80504,1031
0.79699,1031
0.78902,1031
0.78113,1031
0.77332,1031
0.76558,1031
0.75793,1031
0.75035,1031
0.74285,1031
0.73542,1031
0.72806,1031
0.72078,1031
0.71357,1031
0.70644,1031
0.69937,1031
0.69238,1031
0.68546,1031
0.67860,1031
0.67182,1031
0.66510,1031
0.65845,1031
0.65186,1031
0.64534,1031
0.63889,1031
0.63250,1031
0.62618,1031
0.61991,1031
0.61372,1031
0.60758,1031
0.60150,1031
0.59549,1031
0.58953,1031
0.58364,1031
0.57780,1031
0.57202,1031
0.56630,1031
0.56064,1031
0.55503,1031
0.54948,1031
0.54399,1031
0.53855,1031
0.53316,1031
0.52783,1031
0.52255,1031
0.51733,1031
0.51215,1031
0.50703,1031
0.50196,1031
0.49694,1031
0.49197,1031
0.48705,1031
0.48218,1031
0.47736,1031
0.47259,1031
0.46786,1031
0.46318,1031
0.45855,1031
0.45397,1031
0.44943,1031
0.44493,1031
0.44048,1031
0.43608,1031
0.43172,1031
0.42740,1031
0.42313,1031
0.41889,1031
0.41471,1031
0.41056,1031
0.40645,1031
0.40239,1031
0.39836,1031
0.39438,1031
0.39044,1031
0.38653,1031
0.38267,1031
0.37884,1031
0.37505,1031
0.37130,1031
0.36759,1031
0.36391,1031
0.36027,1031
0.35667,1031
0.35310,1031
0.34957,1031
0.34608,1031
0.34262,1031
0.33919,1031
0.33580,1031
0.33244,1031
0.32912,1031
0.32583,1031
0.32257,1031
0.31934,1031
0.31615,1031
0.31299,1031
0.30986,1031
0.30676,1031
0.30369,1031
0.30065,1031
0.29765,1031
0.29467,1031
0.29172,1031
0.28881,1031
0.28592,1031
0.28306,1031
0.28023,1031
0.27743,1031
0.27465,1031
0.27191,1031
0.26919,1031
0.26649,1031
0.26383,1031
0.26119,1031
0.25858,1031
0.25599,1031
0.25343,1031
0.25090,1031
0.24839,1031
0.24591,1031
0.24345,1031
0.24101,1031
0.23860,1031
0.23622,1031
0.23385,1031
0.23152,1031
0.22920,1031
0.22691,1031
0.22464,1031
0.22239,1031
0.22017,1031
0.21797,1031
0.21579,1031
0.21363,1031
0.21149,1031
0.20938,1031
0.20729,1031
0.20521,1031
0.20316,1031
0.20113,1031
0.19912,1031
0.19713,1031
0.19516,1031
0.19320,1031
0.19127,1031
0.18936,1031
0.18747,1031
0.18559,1031
0.18373,1031
0.18190,1031
0.18008,1031
0.17828,1031
0.17649,1031
0.17473,1031
0.17298,1031
0.17125,1031
0.16954,1031
0.16784,1031
0.16617,1031
0.16450,1031
0.16286,1031
0.16123,1031
0.15962,1031
0.15802,1031
0.15644,1031
0.15488,1031
0.15333,1031
0.15180,1031
0.15028,1031
0.14878,1031
0.14729,1031
0.14581,1031
0.14436,1031
0.14291,1031
0.14148,1031
0.14007,1031
0.13867,1031
0.13728,1031
0.13591,1031
0.13455,1031
0.13320,1031
0.13187,1031
0.13055,1031
0.12925,1031
0.12796,1031
0.12668,1031
0.12541,1031
0.12415,1031
0.12291,1031
0.12168,1031
0.12047,1031
0.11926,1031
0.11807,1031
0.11689,1031
0.11572,1031
0.11456,1031
0.11342,1031
0.11228,1031
0.11116,1031
0.11005,1031
0.10895,1031
0.10786,1031
0.10678,1031
0.10571,1031
0.10466,1031
0.10361,1031
0.10257,1031
0.10155,1031
0.10053,1031
