temperatura,makespan
10000.00000,1406
9900.00000,340
9801.00000,239
9702.99023,239
9605.95996,290
9509.90039,282
9414.80176,328
9320.65430,355
9227.44824,382
9135.17383,235
9043.82227,242
8953.38379,276
8863.84961,234
8775.21094,229
8687.45898,261
8600.58496,315
8514.57910,246
8429.43359,250
8345.13965,239
8261.68848,300
8179.07178,323
8097.28125,228
8016.30859,228
7936.14551,314
7856.78418,405
7778.21631,257
7700.43408,290
7623.42969,249
7547.19531,242
7471.72363,238
7397.00635,243
7323.03613,282
7249.80566,363
7177.30762,322
7105.53467,281
7034.47949,316
6964.13477,403
6894.49365,329
6825.54883,361
6757.29346,372
6689.72070,303
6622.82373,297
6556.59570,368
6491.02979,337
6426.11963,322
6361.85840,298
6298.23975,283
6235.25732,387
6172.90479,292
6111.17578,291
6050.06396,370
5989.56348,306
5929.66797,254
5870.37158,312
5811.66797,292
5753.55127,362
5696.01562,303
5639.05566,435
5582.66504,358
5526.83838,329
5471.56982,302
5416.85400,484
5362.68555,334
5309.05859,368
5255.96826,354
5203.40869,405
5151.37451,377
5099.86084,331
5048.86230,269
4998.37354,315
4948.38965,310
4898.90576,416
4849.91699,328
4801.41797,293
4753.40381,279
4705.86963,221
4658.81104,219
4612.22314,237
4566.10107,251
4520.43994,239
4475.23535,243
4430.48291,314
4386.17822,276
4342.31641,327
4298.89307,326
4255.90430,216
4213.34521,200
4171.21191,200
4129.50000,224
4088.20508,197
4047.32300,220
4006.84985,234
3966.78149,236
3927.11377,224
3887.84277,192
3848.96436,258
3810.47485,273
3772.37012,259
3734.64648,242
3697.30005,227
3660.32715,185
3623.72388,187
3587.48657,219
3551.61182,314
3516.09570,229
3480.93481,281
3446.12549,219
3411.66431,315
3377.54761,269
3343.77222,243
3310.33447,311
3277.23120,271
3244.45898,281
3212.01440,278
3179.89429,259
3148.09546,253
3116.61450,256
3085.44849,245
3054.59399,228
3024.04810,222
2993.80762,197
2963.86963,206
2934.23096,196
2904.88867,192
2875.83984,240
2847.08154,237
2818.61084,240
2790.42480,255
2762.52051,203
2734.89526,224
2707.54639,206
2680.47095,234
2653.66626,224
2627.12964,202
2600.85840,198
2574.84985,188
2549.10132,217
2523.61035,238
2498.37427,248
2473.39062,184
2448.65674,178
2424.17017,241
2399.92847,234
2375.92920,262
2352.16992,264
2328.64819,219
2305.36182,204
2282.30811,175
2259.48511,245
2236.89038,213
2214.52148,262
2192.37622,215
2170.45239,218
2148.74780,217
2127.26025,192
2105.98779,211
2084.92798,192
2064.07861,189
2043.43787,211
2023.00354,192
2002.77356,252
1982.74585,229
1962.91846,191
1943.28931,238
1923.85645,189
1904.61792,188
1885.57178,185
1866.71606,233
1848.04895,221
1829.56848,180
1811.27283,185
1793.16016,256
1775.22852,232
1757.47620,226
1739.90149,219
1722.50244,206
1705.27747,242
1688.22473,211
1671.34253,192
1654.62915,277
1638.08289,236
1621.70203,214
1605.48499,232
1589.43018,230
1573.53589,221
1557.80054,218
1542.22253,231
1526.80029,192
1511.53235,226
1496.41699,228
1481.45288,218
1466.63831,218
1451.97192,237
1437.45227,218
1423.07776,235
1408.84705,218
1394.75854,191
1380.81091,203
1367.00281,209
1353.33276,195
1339.79944,211
1326.40149,219
1313.13745,191
1300.00610,221
1287.00610,206
1274.13611,221
1261.39478,191
1248.78088,221
1236.29309,191
1223.93018,206
1211.69092,211
1199.57397,221
1187.57825,249
1175.70251,206
1163.94556,275
1152.30615,217
1140.78308,198
1129.37524,224
1118.08154,281
1106.90076,213
1095.83179,218
1084.87354,213
1074.02478,189
1063.28455,211
1052.65173,189
1042.12524,211
1031.70398,239
1021.38696,260
1011.17310,211
1001.06140,211
991.05078,211
981.14026,186
971.32886,200
961.61560,202
951.99945,184
942.47949,272
933.05469,214
923.72412,203
914.48688,226
905.34204,185
896.28864,214
887.32574,180
878.45251,224
869.66797,226
860.97131,174
852.36163,242
843.83801,273
835.39966,263
827.04565,242
818.77521,184
810.58746,253
802.48157,214
794.45679,190
786.51221,185
778.64709,184
770.86066,196
763.15204,224
755.52051,182
747.96533,221
740.48566,182
733.08081,172
725.75000,218
718.49249,255
711.30756,212
704.19446,265
697.15253,215
690.18103,210
683.27924,223
676.44647,274
669.68201,200
662.98517,183
656.35535,183
649.79181,180
643.29388,172
636.86096,169
630.49237,182
624.18744,165
617.94556,223
611.76611,213
605.64844,165
599.59198,211
593.59607,165
587.66010,217
581.78351,226
575.96570,213
570.20605,224
564.50403,248
558.85901,210
553.27045,211
547.73773,267
542.26038,272
536.83777,318
531.46942,253
526.15472,275
520.89319,347
515.68427,459
510.52744,313
505.42218,323
500.36795,349
495.36429,280
490.41064,299
485.50653,280
480.65146,274
475.84494,293
471.08649,304
466.37564,278
461.71188,352
457.09476,244
452.52380,302
447.99857,285
443.51859,304
439.08340,288
434.69257,280
430.34564,261
426.04218,329
421.78177,305
417.56396,366
413.38834,365
409.25446,306
405.16193,304
401.11032,275
397.09921,267
393.12823,275
389.19696,304
385.30499,280
381.45193,352
377.63742,284
373.86105,301
370.12244,278
366.42120,274
362.75699,257
359.12943,237
355.53815,307
351.98276,283
348.46292,279
344.97830,373
341.52853,343
338.11325,420
334.73212,477
331.38480,432
328.07095,273
324.79025,230
321.54236,300
318.32693,260
315.14368,328
311.99225,304
308.87231,305
305.78360,356
302.72577,274
299.69852,304
296.70154,325
293.73453,263
290.79718,245
287.88922,273
285.01035,214
282.16025,207
279.33865,201
276.54526,193
273.77982,184
271.04202,233
268.33160,239
265.64828,227
262.99179,185
260.36188,175
257.75827,167
255.18069,228
252.62889,221
250.10260,254
247.60158,233
245.12556,243
242.67432,266
240.24757,285
237.84511,303
235.46666,363
233.11200,285
230.78088,264
228.47308,315
226.18835,386
223.92647,326
221.68721,286
219.47034,320
217.27563,304
215.10287,273
212.95184,302
210.82233,303
208.71411,381
206.62697,516
204.56070,428
202.51509,374
200.48994,326
198.48505,362
196.50020,359
194.53520,323
192.58986,285
190.66396,317
188.75732,366
186.86975,278
185.00105,294
183.15105,297
181.31953,303
179.50635,388
177.71129,385
175.93417,291
174.17484,332
172.43309,258
170.70876,292
169.00166,421
167.31165,410
165.63853,258
163.98215,310
162.34233,342
160.71890,355
159.11171,367
157.52060,305
155.94539,298
154.38594,325
152.84209,251
151.31367,320
149.80054,273
148.30254,307
146.81952,248
145.35132,247
143.89781,238
142.45883,283
141.03424,314
139.62390,306
138.22766,236
136.84538,232
135.47693,272
134.12216,238
132.78094,214
131.45314,198
130.13861,206
128.83722,202
127.54885,244
126.27336,188
125.01063,176
123.76052,174
122.52292,170
121.29769,246
120.08472,243
118.88387,236
117.69504,221
116.51809,189
115.35291,192
114.19939,221
113.05740,192
111.92683,254
110.80756,243
109.69948,240
108.60249,240
107.51646,262
106.44130,242
105.37688,264
104.32312,261
103.27989,249
102.24709,240
101.22462,326
100.21238,336
99.21026,318
98.21815,397
97.23598,303
96.26362,355
95.30098,310
94.34797,301
93.40449,269
92.47044,268
91.54574,262
90.63028,224
89.72398,222
88.82674,207
87.93847,220
87.05908,180
86.18849,179
85.32661,178
84.47334,233
83.62861,214
82.79232,181
81.96440,178
81.14476,181
80.33331,206
79.52998,248
78.73469,222
77.94734,202
77.16787,181
76.39619,186
75.63223,181
74.87591,186
74.12715,181
73.38588,247
72.65202,239
71.92551,232
71.20625,230
70.49419,210
69.78925,190
69.09136,186
68.40045,256
67.71645,186
67.03928,244
66.36889,186
65.70520,188
65.04815,180
64.39767,220
63.75369,234
63.11616,204
62.48500,243
61.86015,262
61.24154,226
60.62913,261
60.02284,332
59.42261,308
58.82838,266
58.24010,321
57.65770,382
57.08112,274
56.51031,292
55.94521,389
55.38576,494
54.83190,244
54.28358,272
53.74075,299
53.20334,282
52.67131,343
52.14460,322
51.62315,256
51.10692,291
50.59585,293
50.08989,366
49.58899,306
49.09310,327
48.60217,298
48.11615,348
47.63499,387
47.15864,404
46.68706,312
46.22019,338
45.75799,358
45.30041,310
44.84740,378
44.39893,287
43.95494,341
43.51539,399
43.08024,370
42.64944,402
42.22294,415
41.80071,350
41.38271,358
40.96888,442
40.55919,306
40.15360,367
39.75207,306
39.35455,361
38.96100,424
38.57139,340
38.18568,558
37.80383,305
37.42579,326
37.05153,271
36.68102,243
36.31421,261
35.95107,233
35.59156,236
35.23565,266
34.88329,220
34.53446,276
34.18911,272
33.84722,248
33.50875,239
33.17366,226
32.84193,245
32.51351,276
32.18837,273
31.86649,242
31.54782,229
31.23235,251
30.92002,239
30.61082,234
30.30472,268
30.00167,280
29.70165,268
29.40464,303
29.11059,294
28.81948,334
28.53129,261
28.24598,247
27.96352,246
27.68388,226
27.40705,233
27.13297,233
26.86164,232
26.59303,227
26.32710,241
26.06383,261
25.80319,194
25.54516,185
25.28971,181
25.03681,216
24.78644,247
24.53858,235
24.29319,212
24.05026,191
23.80976,180
23.57166,177
23.33594,206
23.10258,177
22.87156,173
22.64284,240
22.41641,228
22.19225,311
21.97033,269
21.75063,240
21.53312,245
21.31779,268
21.10461,227
20.89356,258
20.68463,239
20.47778,265
20.27301,267
20.07028,274
19.86957,254
19.67088,365
19.47417,295
19.27943,245
19.08663,225
18.89577,210
18.70681,194
18.51974,255
18.33454,266
18.15120,206
17.96969,235
17.78999,304
17.61209,307
17.43597,313
17.26161,257
17.08899,255
16.91810,270
16.74892,270
16.58143,265
16.41562,258
16.25146,229
16.08895,226
15.92806,234
15.76878,218
15.61109,217
15.45498,213
15.30043,230
15.14743,197
14.99595,182
14.84599,219
14.69753,182
14.55056,220
14.40505,178
14.26100,272
14.11839,253
13.97721,263
13.83744,303
13.69906,309
13.56207,273
13.42645,272
13.29219,252
13.15927,345
13.02767,283
12.89740,344
12.76842,284
12.64074,394
12.51433,356
12.38919,300
12.26530,358
12.14264,367
12.02122,326
11.90100,299
11.78199,363
11.66418,296
11.54753,349
11.43206,335
11.31774,422
11.20456,297
11.09251,415
10.98159,326
10.87177,340
10.76306,487
10.65543,323
10.54887,300
10.44338,362
10.33895,313
10.23556,304
10.13320,277
10.03187,258
9.93155,270
9.83224,281
9.73391,301
9.63658,239
9.54021,236
9.44481,218
9.35036,257
9.25686,258
9.16429,337
9.07265,305
8.98192,272
8.89210,272
8.80318,236
8.71515,281
8.62800,266
8.54172,260
8.45630,287
8.37174,313
8.28802,319
8.20514,273
8.12309,271
8.04186,314
7.96144,371
7.88182,286
7.80301,279
7.72498,253
7.64773,248
7.57125,246
7.49554,245
7.42058,229
7.34638,206
7.27291,230
7.20018,297
7.12818,230
7.05690,226
6.98633,221
6.91647,265
6.84730,285
6.77883,322
6.71104,376
6.64393,303
6.57749,361
6.51172,400
6.44660,401
6.38213,322
6.31831,325
6.25513,324
6.19258,301
6.13065,311
6.06935,332
6.00865,412
5.94857,311
5.88908,289
5.83019,343
5.77189,276
5.71417,300
5.65703,261
5.60046,429
5.54445,282
5.48901,268
5.43412,245
5.37978,276
5.32598,282
5.27272,241
5.21999,229
5.16779,303
5.11611,301
5.06495,303
5.01430,289
4.96416,289
4.91452,374
4.86537,361
4.81672,325
4.76855,432
4.72087,271
4.67366,236
4.62692,297
4.58065,314
4.53485,350
4.48950,283
4.44460,268
4.40016,264
4.35616,295
4.31259,266
4.26947,240
4.22677,263
4.18451,308
4.14266,235
4.10123,206
4.06022,198
4.01962,199
3.97942,190
3.93963,183
3.90023,245
3.86123,183
3.82262,201
3.78439,240
3.74655,252
3.70908,214
3.67199,266
3.63527,280
3.59892,222
3.56293,233
3.52730,215
3.49203,194
3.45711,184
3.42254,212
3.38831,217
3.35443,227
3.32088,192
3.28768,264
3.25480,258
3.22225,226
3.19003,237
3.15813,214
3.12655,227
3.09528,221
3.06433,197
3.03369,197
3.00335,244
2.97332,182
2.94358,178
2.91415,192
2.88500,260
2.85615,227
2.82759,192
2.79932,246
2.77132,244
2.74361,235
2.71617,323
2.68901,221
2.66212,287
2.63550,330
2.60915,325
2.58306,280
2.55722,275
2.53165,320
2.50634,291
2.48127,245
2.45646,325
2.43190,240
2.40758,261
2.38350,320
2.35967,248
2.33607,301
2.31271,321
2.28958,323
2.26669,290
2.24402,261
2.22158,295
2.19936,346
2.17737,253
2.15560,356
2.13404,288
2.11270,293
2.09157,399
2.07066,306
2.04995,404
2.02945,330
2.00916,389
1.98906,313
1.96917,277
1.94948,236
1.92999,296
1.91069,394
1.89158,316
1.87267,263
1.85394,286
1.83540,277
1.81705,256
1.79887,267
1.78089,248
1.76308,231
1.74545,264
1.72799,285
1.71071,290
1.69361,351
1.67667,348
1.65990,420
1.64330,389
1.62687,588
1.61060,321
1.59450,266
1.57855,400
1.56277,284
1.54714,272
1.53167,314
1.51635,284
1.50119,282
1.48617,253
1.47131,249
1.45660,317
1.44203,402
1.42761,322
1.41334,258
1.39920,253
1.38521,283
1.37136,272
1.35765,270
1.34407,278
1.33063,209
1.31732,260
1.30415,243
1.29111,220
1.27820,216
1.26541,225
1.25276,207
1.24023,204
1.22783,201
1.21555,198
1.20340,218
1.19136,240
1.17945,192
1.16765,247
1.15598,261
1.14442,262
1.13297,292
1.12164,297
1.11043,229
1.09932,214
1.08833,230
1.07745,282
1.06667,287
1.05601,242
1.04545,276
1.03499,230
1.02464,218
1.01440,238
1.00425,220
0.99421,217
0.98427,199
0.97442,192
0.96468,210
0.95503,183
0.94548,177
0.93603,256
0.92667,225
0.91740,223
0.90823,192
0.89914,190
0.89015,203
0.88125,261
0.87244,244
0.86372,231
0.85508,263
0.84653,177
0.83806,233
0.82968,237
0.82138,228
0.81317,222
0.80504,297
0.79699,278
0.78902,265
0.78113,272
0.77332,283
0.76558,277
0.75793,226
0.75035,262
0.74285,253
0.73542,362
0.72806,291
0.72078,329
0.71357,337
0.70644,301
0.69937,264
0.69238,278
0.68546,265
0.67860,304
0.67182,256
0.66510,244
0.65845,240
0.65186,253
0.64534,265
0.63889,317
0.63250,201
0.62618,275
0.61991,229
0.61372,279
0.60758,288
0.60150,338
0.59549,330
0.58953,397
0.58364,264
0.57780,282
0.57202,277
0.56630,285
0.56064,271
0.55503,236
0.54948,246
0.54399,259
0.53855,285
0.53316,277
0.52783,324
0.52255,443
0.51733,349
0.51215,276
0.50703,257
0.50196,247
0.49694,221
0.49197,210
0.48705,242
0.48218,303
0.47736,297
0.47259,323
0.46786,277
0.46318,391
0.45855,352
0.45397,248
0.44943,240
0.44493,281
0.44048,247
0.43608,276
0.43172,409
0.42740,241
0.42313,228
0.41889,224
0.41471,216
0.41056,230
0.40645,303
0.40239,222
0.39836,206
0.39438,249
0.39044,223
0.38653,292
0.38267,326
0.37884,241
0.37505,230
0.37130,213
0.36759,215
0.36391,196
0.36027,252
0.35667,256
0.35310,237
0.34957,262
0.34608,272
0.34262,350
0.33919,220
0.33580,215
0.33244,194
0.32912,185
0.32583,182
0.32257,174
0.31934,171
0.31615,218
0.31299,292
0.30986,220
0.30676,229
0.30369,270
0.30065,249
0.29765,218
0.29467,206
0.29172,185
0.28881,227
0.28592,209
0.28306,215
0.28023,348
0.27743,315
0.27465,222
0.27191,246
0.26919,204
0.26649,200
0.26383,203
0.26119,194
0.25858,211
0.25599,205
0.25343,188
0.25090,204
0.24839,206
0.24591,186
0.24345,184
0.24101,183
0.23860,178
0.23622,208
0.23385,177
0.23152,168
0.22920,186
0.22691,178
0.22464,212
0.22239,179
0.22017,178
0.21797,194
0.21579,186
0.21363,211
0.21149,168
0.20938,194
0.20729,197
0.20521,229
0.20316,225
0.20113,208
0.19912,272
0.19713,223
0.19516,208
0.19320,188
0.19127,185
0.18936,184
0.18747,194
0.18559,190
0.18373,185
0.18190,216
0.18008,226
0.17828,194
0.17649,220
0.17473,220
0.17298,221
0.17125,228
0.16954,272
0.16784,249
0.16617,246
0.16450,284
0.16286,332
0.16123,280
0.15962,264
0.15802,246
0.15644,239
0.15488,217
0.15333,286
0.15180,250
0.15028,310
0.14878,386
0.14729,335
0.14581,295
0.14436,351
0.14291,372
0.14148,276
0.14007,273
0.13867,288
0.13728,329
0.13591,286
0.13455,265
0.13320,253
0.13187,308
0.13055,270
0.12925,274
0.12796,366
0.12668,270
0.12541,223
0.12415,223
0.12291,201
0.12168,215
0.12047,187
0.11926,179
0.11807,186
0.11689,177
0.11572,174
0.11456,203
0.11342,170
0.11228,169
0.11116,166
0.11005,170
0.10895,166
0.10786,168
0.10678,168
0.10571,164
0.10466,162
0.10361,176
0.10257,162
0.10155,160
0.10053,187
