temperatura,makespan
10000.00000,17864
9900.00000,679
9801.00000,702
9702.99023,648
9605.95996,693
9509.90039,687
9414.80176,668
9320.65430,637
9227.44824,647
9135.17383,610
9043.82227,603
8953.38379,600
8863.84961,614
8775.21094,585
8687.45898,574
8600.58496,573
8514.57910,594
8429.43359,610
8345.13965,593
8261.68848,562
8179.07178,589
8097.28125,561
8016.30859,608
7936.14551,626
7856.78418,571
7778.21631,589
7700.43408,597
7623.42969,572
7547.19531,629
7471.72363,627
7397.00635,745
7323.03613,625
7249.80566,614
7177.30762,609
7105.53467,569
7034.47949,566
6964.13477,594
6894.49365,549
6825.54883,544
6757.29346,543
6689.72070,538
6622.82373,545
6556.59570,631
6491.02979,620
6426.11963,598
6361.85840,601
6298.23975,582
6235.25732,595
6172.90479,623
6111.17578,561
6050.06396,577
5989.56348,547
5929.66797,535
5870.37158,545
5811.66797,535
5753.55127,585
5696.01562,597
5639.05566,566
5582.66504,565
5526.83838,564
5471.56982,553
5416.85400,546
5362.68555,605
5309.05859,671
5255.96826,580
5203.40869,578
5151.37451,527
5099.86084,523
5048.86230,509
4998.37354,575
4948.38965,559
4898.90576,511
4849.91699,506
4801.41797,603
4753.40381,541
4705.86963,506
4658.81104,505
4612.22314,502
4566.10107,502
4520.43994,501
4475.23535,491
4430.48291,479
4386.17822,473
4342.31641,469
4298.89307,467
4255.90430,511
4213.34521,473
4171.21191,464
4129.50000,474
4088.20508,480
4047.32300,470
4006.84985,466
3966.78149,460
3927.11377,547
3887.84277,460
3848.96436,455
3810.47485,455
3772.37012,454
3734.64648,481
3697.30005,480
3660.32715,490
3623.72388,503
3587.48657,506
3551.61182,467
3516.09570,460
3480.93481,527
3446.12549,521
3411.66431,553
3377.54761,489
3343.77222,458
3310.33447,453
3277.23120,453
3244.45898,524
3212.01440,455
3179.89429,443
3148.09546,505
3116.61450,579
3085.44849,499
3054.59399,437
3024.04810,466
2993.80762,435
2963.86963,432
2934.23096,499
2904.88867,455
2875.83984,424
2847.08154,422
2818.61084,485
2790.42480,508
2762.52051,507
2734.89526,493
2707.54639,488
2680.47095,497
2653.66626,492
2627.12964,505
2600.85840,493
2574.84985,492
2549.10132,472
2523.61035,491
2498.37427,519
2473.39062,516
2448.65674,464
2424.17017,461
2399.92847,491
2375.92920,460
2352.16992,463
2328.64819,516
2305.36182,492
2282.30811,499
2259.48511,534
2236.89038,523
2214.52148,499
2192.37622,559
2170.45239,531
2148.74780,508
2127.26025,527
2105.98779,547
2084.92798,498
2064.07861,479
2043.43787,467
2023.00354,524
2002.77356,473
1982.74585,452
1962.91846,499
1943.28931,493
1923.85645,524
1904.61792,559
1885.57178,534
1866.71606,508
1848.04895,526
1829.56848,504
1811.27283,511
1793.16016,495
1775.22852,519
1757.47620,491
1739.90149,489
1722.50244,497
1705.27747,484
1688.22473,539
1671.34253,518
1654.62915,538
1638.08289,479
1621.70203,499
1605.48499,475
1589.43018,473
1573.53589,497
1557.80054,471
1542.22253,462
1526.80029,516
1511.53235,519
1496.41699,504
1481.45288,480
1466.63831,448
1451.97192,473
1437.45227,514
1423.07776,498
1408.84705,446
1394.75854,443
1380.81091,487
1367.00281,439
1353.33276,433
1339.79944,432
1326.40149,482
1313.13745,509
1300.00610,479
1287.00610,430
1274.13611,488
1261.39478,518
1248.78088,501
1236.29309,513
1223.93018,532
1211.69092,518
1199.57397,485
1187.57825,461
1175.70251,458
1163.94556,446
1152.30615,441
1140.78308,489
1129.37524,494
1118.08154,533
1106.90076,539
1095.83179,460
1084.87354,427
1074.02478,492
1063.28455,458
1052.65173,433
1042.12524,421
1031.70398,441
1021.38696,417
1011.17310,438
1001.06140,483
991.05078,507
981.14026,462
971.32886,458
961.61560,455
951.99945,446
942.47949,486
933.05469,503
923.72412,492
914.48688,481
905.34204,460
896.28864,459
887.32574,463
878.45251,484
869.66797,486
860.97131,535
852.36163,476
843.83801,462
835.39966,471
827.04565,470
818.77521,448
810.58746,449
802.48157,445
794.45679,446
786.51221,460
778.64709,440
770.86066,442
763.15204,449
755.52051,492
747.96533,467
740.48566,509
733.08081,450
725.75000,463
718.49249,490
711.30756,442
704.19446,479
697.15253,440
690.18103,476
683.27924,489
676.44647,482
669.68201,452
662.98517,439
656.35535,506
649.79181,439
643.29388,510
636.86096,448
630.49237,433
624.18744,439
617.94556,433
611.76611,491
605.64844,515
599.59198,522
593.59607,445
587.66010,523
581.78351,474
575.96570,496
570.20605,443
564.50403,481
558.85901,522
553.27045,526
547.73773,432
542.26038,431
536.83777,431
531.46942,435
526.15472,450
520.89319,516
515.68427,507
510.52744,443
505.42218,427
500.36795,420
495.36429,479
490.41064,468
485.50653,445
480.65146,413
475.84494,446
471.08649,482
466.37564,526
461.71188,422
457.09476,485
452.52380,417
447.99857,409
443.51859,464
439.08340,433
434.69257,423
430.34564,470
426.04218,438
421.78177,451
417.56396,416
413.38834,416
409.25446,480
405.16193,494
401.11032,444
397.09921,450
393.12823,443
389.19696,429
385.30499,437
381.45193,469
377.63742,464
373.86105,445
370.12244,468
366.42120,444
362.75699,426
359.12943,418
355.53815,459
351.98276,449
348.46292,456
344.97830,437
341.52853,428
338.11325,417
334.73212,429
331.38480,415
328.07095,411
324.79025,434
321.54236,424
318.32693,460
315.14368,421
311.99225,411
308.87231,470
305.78360,475
302.72577,468
299.69852,469
296.70154,478
293.73453,461
290.79718,468
287.88922,462
285.01035,461
282.16025,448
279.33865,440
276.54526,489
273.77982,499
271.04202,443
268.33160,449
265.64828,463
262.99179,438
260.36188,436
257.75827,431
255.18069,431
252.62889,444
250.10260,477
247.60158,431
245.12556,459
242.67432,520
240.24757,430
237.84511,455
235.46666,425
233.11200,487
230.78088,483
228.47308,457
226.18835,424
223.92647,424
221.68721,478
219.47034,448
217.27563,445
215.10287,434
212.95184,430
210.82233,424
208.71411,469
206.62697,427
204.56070,423
202.51509,488
200.48994,487
198.48505,457
196.50020,495
194.53520,448
192.58986,440
190.66396,480
188.75732,442
186.86975,503
185.00105,479
183.15105,452
181.31953,436
179.50635,463
177.71129,463
175.93417,440
174.17484,441
172.43309,460
170.70876,453
169.00166,435
167.31165,435
165.63853,453
163.98215,444
162.34233,498
160.71890,495
159.11171,485
157.52060,477
155.94539,479
154.38594,472
152.84209,497
151.31367,455
149.80054,454
148.30254,451
146.81952,451
145.35132,542
143.89781,498
142.45883,522
141.03424,434
139.62390,427
138.22766,463
136.84538,463
135.47693,444
134.12216,442
132.78094,456
131.45314,425
130.13861,423
128.83722,479
127.54885,479
126.27336,478
125.01063,461
123.76052,456
122.52292,447
121.29769,472
120.08472,432
118.88387,460
117.69504,460
116.51809,476
115.35291,428
114.19939,428
113.05740,424
111.92683,463
110.80756,518
109.69948,478
108.60249,430
107.51646,430
106.44130,472
105.37688,458
104.32312,421
103.27989,421
102.24709,422
101.22462,480
100.21238,420
99.21026,470
98.21815,443
97.23598,452
96.26362,458
95.30098,460
94.34797,469
93.40449,452
92.47044,504
91.54574,450
90.63028,450
89.72398,453
88.82674,443
87.93847,436
87.05908,427
86.18849,420
85.32661,419
84.47334,489
83.62861,453
82.79232,468
81.96440,466
81.14476,502
80.33331,455
79.52998,455
78.73469,444
77.94734,476
77.16787,453
76.39619,483
75.63223,518
74.87591,459
74.12715,426
73.38588,437
72.65202,464
71.92551,421
71.20625,438
70.49419,422
69.78925,422
69.09136,445
68.40045,421
67.71645,421
67.03928,416
66.36889,475
65.70520,420
65.04815,418
64.39767,427
63.75369,427
63.11616,410
62.48500,409
61.86015,412
61.24154,408
60.62913,408
60.02284,408
59.42261,408
58.82838,408
58.24010,417
57.65770,427
57.08112,407
56.51031,451
55.94521,446
55.38576,471
54.83190,433
54.28358,433
53.74075,416
53.20334,470
52.67131,404
52.14460,432
51.62315,423
51.10692,422
50.59585,434
50.08989,433
49.58899,468
49.09310,468
48.60217,448
48.11615,445
47.63499,423
47.15864,445
46.68706,432
46.22019,403
45.75799,419
45.30041,403
44.84740,441
44.39893,412
43.95494,424
43.51539,448
43.08024,433
42.64944,433
42.22294,422
41.80071,463
41.38271,406
40.96888,407
40.55919,414
40.15360,411
39.75207,411
39.35455,411
38.96100,411
38.57139,426
38.18568,419
37.80383,402
37.42579,402
37.05153,402
36.68102,402
36.31421,402
35.95107,402
35.59156,402
35.23565,423
34.88329,423
34.53446,423
34.18911,423
33.84722,423
33.50875,423
33.17366,459
32.84193,499
32.51351,438
32.18837,475
31.86649,472
31.54782,436
31.23235,432
30.92002,429
30.61082,429
30.30472,429
30.00167,429
29.70165,429
29.40464,443
29.11059,463
28.81948,458
28.53129,458
28.24598,441
27.96352,429
27.68388,423
27.40705,423
27.13297,445
26.86164,418
26.59303,408
26.32710,418
26.06383,418
25.80319,418
25.54516,469
25.28971,419
25.03681,404
24.78644,404
24.53858,404
24.29319,404
24.05026,404
23.80976,418
23.57166,402
23.33594,402
23.10258,402
22.87156,402
22.64284,402
22.41641,402
22.19225,402
21.97033,447
21.75063,447
21.53312,447
21.31779,447
21.10461,449
20.89356,453
20.68463,453
20.47778,451
20.27301,444
20.07028,442
19.86957,417
19.67088,417
19.47417,417
19.27943,417
19.08663,417
18.89577,457
18.70681,457
18.51974,444
18.33454,414
18.15120,414
17.96969,406
17.78999,403
17.61209,402
17.43597,402
17.26161,406
17.08899,406
16.91810,406
16.74892,401
16.58143,401
16.41562,401
16.25146,422
16.08895,422
15.92806,422
15.76878,422
15.61109,418
15.45498,430
15.30043,416
15.14743,430
14.99595,430
14.84599,428
14.69753,462
14.55056,479
14.40505,438
14.26100,435
14.11839,435
13.97721,435
13.83744,435
13.69906,443
13.56207,420
13.42645,430
13.29219,430
13.15927,430
13.02767,430
12.89740,428
12.76842,428
12.64074,428
12.51433,428
12.38919,428
12.26530,428
12.14264,428
12.02122,435
11.90100,435
11.78199,435
11.66418,435
11.54753,422
11.43206,422
11.31774,436
11.20456,428
11.09251,417
10.98159,417
10.87177,417
10.76306,417
10.65543,410
10.54887,410
10.44338,402
10.33895,402
10.23556,405
10.13320,427
10.03187,427
9.93155,427
9.83224,427
9.73391,427
9.63658,427
9.54021,427
9.44481,427
9.35036,418
9.25686,418
9.16429,418
9.07265,400
8.98192,400
8.89210,400
8.80318,400
8.71515,400
8.62800,400
8.54172,400
8.45630,400
8.37174,400
8.28802,400
8.20514,397
8.12309,411
8.04186,411
7.96144,411
7.88182,411
7.80301,411
7.72498,411
7.64773,394
7.57125,393
7.49554,390
7.42058,401
7.34638,388
7.27291,388
7.20018,388
7.12818,388
7.05690,388
6.98633,388
6.91647,388
6.84730,388
6.77883,388
6.71104,388
6.64393,388
6.57749,388
6.51172,388
6.44660,388
6.38213,388
6.31831,388
6.25513,388
6.19258,388
6.13065,388
6.06935,388
6.00865,388
5.94857,387
5.88908,387
5.83019,387
5.77189,387
5.71417,387
5.65703,387
5.60046,387
5.54445,387
5.48901,387
5.43412,387
5.37978,387
5.32598,387
5.27272,387
5.21999,387
5.16779,387
5.11611,387
5.06495,387
5.01430,387
4.96416,387
4.91452,387
4.86537,387
4.81672,387
4.76855,387
4.72087,387
4.67366,387
4.62692,387
4.58065,387
4.53485,387
4.48950,387
4.44460,387
4.40016,387
4.35616,387
4.31259,387
4.26947,387
4.22677,387
4.18451,387
4.14266,387
4.10123,387
4.06022,387
4.01962,387
3.97942,387
3.93963,387
3.90023,387
3.86123,387
3.82262,387
3.78439,387
3.74655,387
3.70908,387
3.67199,387
3.63527,387
3.59892,387
3.56293,387
3.52730,387
3.49203,387
3.45711,387
3.42254,387
3.38831,387
3.35443,387
3.32088,387
3.28768,387
3.25480,387
3.22225,387
3.19003,386
3.15813,384
3.12655,384
3.09528,384
3.06433,384
3.03369,384
3.00335,384
2.97332,384
2.94358,384
2.91415,384
2.88500,384
2.85615,384
2.82759,384
2.79932,384
2.77132,384
2.74361,384
2.71617,384
2.68901,384
2.66212,384
2.63550,384
2.60915,384
2.58306,384
2.55722,384
2.53165,384
2.50634,382
2.48127,382
2.45646,381
2.43190,381
2.40758,381
2.38350,381
2.35967,381
2.33607,381
2.31271,381
2.28958,381
2.26669,381
2.24402,381
2.22158,381
2.19936,381
2.17737,381
2.15560,381
2.13404,381
2.11270,381
2.09157,381
2.07066,381
2.04995,381
2.02945,381
2.00916,381
1.98906,381
1.96917,381
1.94948,381
1.92999,381
1.91069,378
1.89158,378
1.87267,378
1.85394,378
1.83540,378
1.81705,378
1.79887,378
1.78089,378
1.76308,378
1.74545,378
1.72799,378
1.71071,378
1.69361,378
1.67667,378
1.65990,378
1.64330,378
1.62687,378
1.61060,378
1.59450,378
1.57855,378
1.56277,378
1.54714,378
1.53167,378
1.51635,378
1.50119,378
1.48617,378
1.47131,378
1.45660,378
1.44203,378
1.42761,378
1.41334,378
1.39920,378
1.38521,378
1.37136,378
1.35765,378
1.34407,378
1.33063,378
1.31732,378
1.30415,378
1.29111,378
1.27820,378
1.26541,378
1.25276,378
1.24023,378
1.22783,378
1.21555,378
1.20340,378
1.19136,378
1.17945,378
1.16765,378
1.15598,378
1.14442,378
1.13297,378
1.12164,378
1.11043,378
1.09932,378
1.08833,378
1.07745,378
1.06667,378
1.05601,378
1.04545,378
1.03499,378
1.02464,378
1.01440,378
1.00425,378
0.99421,378
0.98427,378
0.97442,378
0.96468,378
0.95503,378
0.94548,378
0.93603,378
0.92667,378
0.91740,378
0.90823,378
0.89914,378
0.89015,378
0.88125,378
0.87244,378
0.86372,378
0.85508,378
0.84653,378
0.83806,378
0.82968,378
0.82138,378
0.81317,378
0.80504,378
0.79699,378
0.78902,378
0.78113,378
0.77332,378
0.76558,378
0.75793,378
0.75035,378
0.74285,378
0.73542,378
0.72806,378
0.72078,378
0.71357,378
0.70644,378
0.69937,378
0.69238,378
0.68546,378
0.67860,378
0.67182,378
0.66510,378
0.65845,378
0.65186,378
0.64534,378
0.63889,378
0.63250,378
0.62618,378
0.61991,378
0.61372,378
0.60758,378
0.60150,378
0.59549,378
0.58953,378
0.58364,378
0.57780,378
0.57202,378
0.56630,378
0.56064,378
0.55503,378
0.54948,378
0.54399,378
0.53855,378
0.53316,378
0.52783,378
0.52255,378
0.51733,378
0.51215,378
0.50703,378
0.50196,378
0.49694,378
0.49197,378
0.48705,378
0.48218,378
0.47736,378
0.47259,378
0.46786,378
0.46318,378
0.45855,378
0.45397,378
0.44943,378
0.44493,378
0.44048,378
0.43608,378
0.43172,378
0.42740,378
0.42313,378
0.41889,378
0.41471,378
0.41056,378
0.40645,378
0.40239,378
0.39836,378
0.39438,378
0.39044,378
0.38653,378
0.38267,378
0.37884,378
0.37505,378
0.37130,378
0.36759,378
0.36391,378
0.36027,378
0.35667,378
0.35310,378
0.34957,378
0.34608,378
0.34262,378
0.33919,378
0.33580,378
0.33244,378
0.32912,378
0.32583,378
0.32257,378
0.31934,378
0.31615,378
0.31299,378
0.30986,378
0.30676,378
0.30369,378
0.30065,378
0.29765,378
0.29467,378
0.29172,378
0.28881,378
0.28592,378
0.28306,378
0.28023,378
0.27743,378
0.27465,378
0.27191,378
0.26919,378
0.26649,378
0.26383,378
0.26119,378
0.25858,378
0.25599,378
0.25343,378
0.25090,378
0.24839,378
0.24591,378
0.24345,378
0.24101,378
0.23860,378
0.23622,378
0.23385,378
0.23152,378
0.22920,378
0.22691,378
0.22464,378
0.22239,378
0.22017,378
0.21797,378
0.21579,378
0.21363,378
0.21149,378
0.20938,378
0.20729,378
0.20521,378
0.20316,378
0.20113,378
0.19912,378
0.19713,378
0.19516,378
0.19320,378
0.19127,378
0.18936,378
0.18747,378
0.18559,378
0.18373,378
0.18190,378
0.18008,378
0.17828,378
0.17649,378
0.17473,378
0.17298,378
0.17125,378
0.16954,378
0.16784,378
0.16617,378
0.16450,378
0.16286,378
0.16123,378
0.15962,378
0.15802,378
0.15644,378
0.15488,378
0.15333,378
0.15180,378
0.15028,378
0.14878,378
0.14729,378
0.14581,378
0.14436,378
0.14291,378
0.14148,378
0.14007,378
0.13867,378
0.13728,378
0.13591,378
0.13455,378
0.13320,378
0.13187,378
0.13055,378
0.12925,378
0.12796,378
0.12668,378
0.12541,378
0.12415,378
0.12291,378
0.12168,378
0.12047,378
0.11926,378
0.11807,378
0.11689,378
0.11572,378
0.11456,378
0.11342,378
0.11228,378
0.11116,378
0.11005,378
0.10895,378
0.10786,378
0.10678,378
0.10571,378
0.10466,378
0.10361,378
0.10257,378
0.10155,378
0.10053,378
