temperatura,makespan
10000.00000,1367
9900.00000,230
9801.00000,227
9702.99023,277
9605.95996,271
9509.90039,277
9414.80176,266
9320.65430,312
9227.44824,333
9135.17383,317
9043.82227,297
8953.38379,258
8863.84961,284
8775.21094,274
8687.45898,274
8600.58496,341
8514.57910,262
8429.43359,253
8345.13965,226
8261.68848,217
8179.07178,200
8097.28125,250
8016.30859,200
7936.14551,262
7856.78418,213
7778.21631,203
7700.43408,188
7623.42969,201
7547.19531,230
7471.72363,216
7397.00635,246
7323.03613,270
7249.80566,338
7177.30762,319
7105.53467,245
7034.47949,291
6964.13477,226
6894.49365,239
6825.54883,223
6757.29346,267
6689.72070,336
6622.82373,241
6556.59570,248
6491.02979,220
6426.11963,207
6361.85840,219
6298.23975,203
6235.25732,263
6172.90479,217
6111.17578,251
6050.06396,267
5989.56348,336
5929.66797,324
5870.37158,272
5811.66797,263
5753.55127,257
5696.01562,306
5639.05566,355
5582.66504,241
5526.83838,229
5471.56982,277
5416.85400,286
5362.68555,283
5309.05859,292
5255.96826,316
5203.40869,276
5151.37451,332
5099.86084,237
5048.86230,273
4998.37354,296
4948.38965,353
4898.90576,283
4849.91699,266
4801.41797,286
4753.40381,252
4705.86963,272
4658.81104,249
4612.22314,262
4566.10107,267
4520.43994,251
4475.23535,259
4430.48291,257
4386.17822,259
4342.31641,217
4298.89307,261
4255.90430,218
4213.34521,204
4171.21191,202
4129.50000,184
4088.20508,233
4047.32300,213
4006.84985,174
3966.78149,172
3927.11377,222
3887.84277,188
3848.96436,182
3810.47485,216
3772.37012,216
3734.64648,192
3697.30005,182
3660.32715,191
3623.72388,220
3587.48657,183
3551.61182,184
3516.09570,182
3480.93481,191
3446.12549,176
3411.66431,183
3377.54761,165
3343.77222,184
3310.33447,192
3277.23120,193
3244.45898,194
3212.01440,182
3179.89429,192
3148.09546,182
3116.61450,192
3085.44849,165
3054.59399,192
3024.04810,194
2993.80762,165
2963.86963,191
2934.23096,182
2904.88867,194
2875.83984,192
2847.08154,216
2818.61084,182
2790.42480,184
2762.52051,191
2734.89526,165
2707.54639,215
2680.47095,200
2653.66626,183
2627.12964,182
2600.85840,179
2574.84985,187
2549.10132,171
2523.61035,178
2498.37427,187
2473.39062,165
2448.65674,200
2424.17017,182
2399.92847,184
2375.92920,182
2352.16992,183
2328.64819,184
2305.36182,165
2282.30811,184
2259.48511,194
2236.89038,215
2214.52148,200
2192.37622,179
2170.45239,171
2148.74780,169
2127.26025,170
2105.98779,181
2084.92798,165
2064.07861,200
2043.43787,191
2023.00354,165
2002.77356,182
1982.74585,194
1962.91846,208
1943.28931,169
1923.85645,187
1904.61792,171
1885.57178,170
1866.71606,178
1848.04895,208
1829.56848,184
1811.27283,170
1793.16016,178
1775.22852,179
1757.47620,208
1739.90149,191
1722.50244,243
1705.27747,208
1688.22473,192
1671.34253,165
1654.62915,191
1638.08289,194
1621.70203,191
1605.48499,193
1589.43018,191
1573.53589,182
1557.80054,194
1542.22253,215
1526.80029,211
1511.53235,200
1496.41699,181
1481.45288,215
1466.63831,172
1451.97192,208
1437.45227,197
1423.07776,172
1408.84705,165
1394.75854,165
1380.81091,194
1367.00281,185
1353.33276,215
1339.79944,207
1326.40149,213
1313.13745,215
1300.00610,225
1287.00610,194
1274.13611,179
1261.39478,172
1248.78088,182
1236.29309,172
1223.93018,208
1211.69092,194
1199.57397,172
1187.57825,219
1175.70251,182
1163.94556,206
1152.30615,192
1140.78308,166
1129.37524,160
1118.08154,208
1106.90076,215
1095.83179,228
1084.87354,215
1074.02478,184
1063.28455,179
1052.65173,202
1042.12524,200
1031.70398,181
1021.38696,160
1011.17310,205
1001.06140,173
991.05078,160
981.14026,210
971.32886,215
961.61560,173
951.99945,182
942.47949,165
933.05469,220
923.72412,182
914.48688,172
905.34204,182
896.28864,216
887.32574,172
878.45251,194
869.66797,172
860.97131,192
852.36163,194
843.83801,172
835.39966,173
827.04565,205
818.77521,192
810.58746,172
802.48157,173
794.45679,172
786.51221,194
778.64709,192
770.86066,173
763.15204,192
755.52051,194
747.96533,192
740.48566,182
733.08081,192
725.75000,203
718.49249,194
711.30756,192
704.19446,193
697.15253,192
690.18103,192
683.27924,175
676.44647,201
669.68201,193
662.98517,166
656.35535,165
649.79181,205
643.29388,203
636.86096,194
630.49237,192
624.18744,192
617.94556,194
611.76611,192
605.64844,203
599.59198,192
593.59607,205
587.66010,165
581.78351,173
575.96570,203
570.20605,173
564.50403,203
558.85901,192
553.27045,194
547.73773,173
542.26038,205
536.83777,210
531.46942,192
526.15472,203
520.89319,220
515.68427,192
510.52744,194
505.42218,182
500.36795,175
495.36429,172
490.41064,165
485.50653,192
480.65146,194
475.84494,205
471.08649,158
466.37564,205
461.71188,165
457.09476,158
452.52380,165
447.99857,207
443.51859,210
439.08340,165
434.69257,172
430.34564,205
426.04218,173
421.78177,194
417.56396,192
413.38834,192
409.25446,203
405.16193,182
401.11032,205
397.09921,194
393.12823,172
389.19696,203
385.30499,192
381.45193,172
377.63742,173
373.86105,194
370.12244,193
366.42120,182
362.75699,173
359.12943,205
355.53815,203
351.98276,194
348.46292,205
344.97830,203
341.52853,165
338.11325,194
334.73212,192
331.38480,203
328.07095,182
324.79025,192
321.54236,173
318.32693,172
315.14368,203
311.99225,172
308.87231,203
305.78360,182
302.72577,173
299.69852,165
296.70154,182
293.73453,192
290.79718,205
287.88922,182
285.01035,172
282.16025,205
279.33865,192
276.54526,193
273.77982,172
271.04202,173
268.33160,205
265.64828,192
262.99179,205
260.36188,172
257.75827,192
255.18069,165
252.62889,220
250.10260,182
247.60158,192
245.12556,175
242.67432,165
240.24757,194
237.84511,192
235.46666,172
233.11200,165
230.78088,201
228.47308,165
226.18835,200
223.92647,205
221.68721,165
219.47034,200
217.27563,165
215.10287,173
212.95184,203
210.82233,200
208.71411,173
206.62697,165
204.56070,194
202.51509,165
200.48994,192
198.48505,182
196.50020,165
194.53520,192
192.58986,194
190.66396,187
188.75732,192
186.86975,200
185.00105,192
183.15105,205
181.31953,187
179.50635,203
177.71129,170
175.93417,192
174.17484,203
172.43309,165
170.70876,187
169.00166,205
167.31165,187
165.63853,165
163.98215,203
162.34233,192
160.71890,173
159.11171,170
157.52060,203
155.94539,187
154.38594,192
152.84209,173
151.31367,187
149.80054,170
148.30254,187
146.81952,205
145.35132,194
143.89781,205
142.45883,194
141.03424,165
139.62390,182
138.22766,173
136.84538,165
135.47693,203
134.12216,192
132.78094,187
131.45314,192
130.13861,200
128.83722,194
127.54885,170
126.27336,200
125.01063,187
123.76052,182
122.52292,187
121.29769,192
120.08472,200
118.88387,192
117.69504,170
116.51809,192
115.35291,187
114.19939,200
113.05740,203
111.92683,170
110.80756,205
109.69948,192
108.60249,194
107.51646,203
106.44130,173
105.37688,182
104.32312,173
103.27989,194
102.24709,173
101.22462,203
100.21238,205
99.21026,192
98.21815,165
97.23598,194
96.26362,165
95.30098,192
94.34797,170
93.40449,203
92.47044,182
91.54574,194
90.63028,173
89.72398,192
88.82674,194
87.93847,205
87.05908,192
86.18849,194
85.32661,173
84.47334,182
83.62861,194
82.79232,173
81.96440,170
81.14476,205
80.33331,203
79.52998,194
78.73469,203
77.94734,194
77.16787,173
76.39619,182
75.63223,194
74.87591,187
74.12715,170
73.38588,165
72.65202,192
71.92551,203
71.20625,194
70.49419,182
69.78925,170
69.09136,173
68.40045,203
67.71645,173
67.03928,187
66.36889,194
65.70520,165
65.04815,200
64.39767,205
63.75369,192
63.11616,170
62.48500,192
61.86015,194
61.24154,182
60.62913,187
60.02284,182
59.42261,165
58.82838,173
58.24010,200
57.65770,170
57.08112,205
56.51031,192
55.94521,194
55.38576,173
54.83190,200
54.28358,170
53.74075,205
53.20334,165
52.67131,192
52.14460,200
51.62315,187
51.10692,173
50.59585,187
50.08989,205
49.58899,170
49.09310,194
48.60217,203
48.11615,205
47.63499,165
47.15864,192
46.68706,205
46.22019,187
45.75799,203
45.30041,187
44.84740,200
44.39893,182
43.95494,187
43.51539,194
43.08024,182
42.64944,173
42.22294,205
41.80071,200
41.38271,170
40.96888,187
40.55919,194
40.15360,182
39.75207,173
39.35455,194
38.96100,187
38.57139,182
38.18568,165
37.80383,205
37.42579,194
37.05153,192
36.68102,173
36.31421,170
35.95107,182
35.59156,187
35.23565,200
34.88329,165
34.53446,192
34.18911,205
33.84722,173
33.50875,203
33.17366,205
32.84193,194
32.51351,165
32.18837,182
31.86649,205
31.54782,192
31.23235,170
30.92002,173
30.61082,205
30.30472,187
30.00167,200
29.70165,194
29.40464,170
29.11059,200
28.81948,165
28.53129,187
28.24598,200
27.96352,205
27.68388,170
27.40705,165
27.13297,187
26.86164,205
26.59303,200
26.32710,187
26.06383,194
25.80319,205
25.54516,192
25.28971,200
25.03681,187
24.78644,203
24.53858,173
24.29319,205
24.05026,203
23.80976,173
23.57166,205
23.33594,203
23.10258,205
22.87156,187
22.64284,170
22.41641,192
22.19225,165
21.97033,200
21.75063,194
21.53312,205
21.31779,200
21.10461,182
20.89356,170
20.68463,203
20.47778,192
20.27301,203
20.07028,182
19.86957,173
19.67088,170
19.47417,187
19.27943,170
19.08663,203
18.89577,165
18.70681,182
18.51974,194
18.33454,205
18.15120,194
17.96969,200
17.78999,173
17.61209,187
17.43597,165
17.26161,205
17.08899,203
16.91810,165
16.74892,187
16.58143,192
16.41562,165
16.25146,170
16.08895,203
15.92806,194
15.76878,173
15.61109,165
15.45498,203
15.30043,173
15.14743,203
14.99595,165
14.84599,182
14.69753,205
14.55056,200
14.40505,182
14.26100,187
14.11839,200
13.97721,205
13.83744,192
13.69906,187
13.56207,182
13.42645,194
13.29219,182
13.15927,200
13.02767,203
12.89740,194
12.76842,187
12.64074,170
12.51433,203
12.38919,170
12.26530,173
12.14264,182
12.02122,173
11.90100,192
11.78199,194
11.66418,200
11.54753,194
11.43206,203
11.31774,200
11.20456,165
11.09251,205
10.98159,200
10.87177,182
10.76306,170
10.65543,192
10.54887,200
10.44338,165
10.33895,200
10.23556,173
10.13320,170
10.03187,165
9.93155,173
9.83224,205
9.73391,194
9.63658,187
9.54021,194
9.44481,165
9.35036,182
9.25686,187
9.16429,170
9.07265,203
8.98192,192
8.89210,194
8.80318,170
8.71515,203
8.62800,200
8.54172,187
8.45630,200
8.37174,165
8.28802,182
8.20514,192
8.12309,187
8.04186,194
7.96144,205
7.88182,170
7.80301,182
7.72498,187
7.64773,192
7.57125,203
7.49554,173
7.42058,192
7.34638,194
7.27291,205
7.20018,170
7.12818,194
7.05690,182
6.98633,187
6.91647,200
6.84730,170
6.77883,173
6.71104,192
6.64393,205
6.57749,173
6.51172,205
6.44660,170
6.38213,200
6.31831,182
6.25513,192
6.19258,200
6.13065,192
6.06935,165
6.00865,203
5.94857,187
5.88908,194
5.83019,205
5.77189,203
5.71417,187
5.65703,182
5.60046,194
5.54445,165
5.48901,187
5.43412,203
5.37978,192
5.32598,200
5.27272,192
5.21999,187
5.16779,170
5.11611,203
5.06495,165
5.01430,192
4.96416,200
4.91452,192
4.86537,182
4.81672,173
4.76855,203
4.72087,194
4.67366,165
4.62692,194
4.58065,200
4.53485,170
4.48950,173
4.44460,165
4.40016,170
4.35616,182
4.31259,187
4.26947,194
4.22677,182
4.18451,170
4.14266,200
4.10123,165
4.06022,170
4.01962,200
3.97942,187
3.93963,203
3.90023,200
3.86123,165
3.82262,170
3.78439,165
3.74655,173
3.70908,192
3.67199,182
3.63527,205
3.59892,200
3.56293,170
3.52730,182
3.49203,192
3.45711,170
3.42254,194
3.38831,165
3.35443,205
3.32088,203
3.28768,173
3.25480,170
3.22225,200
3.19003,203
3.15813,200
3.12655,170
3.09528,203
3.06433,182
3.03369,205
3.00335,200
2.97332,173
2.94358,200
2.91415,192
2.88500,200
2.85615,192
2.82759,200
2.79932,192
2.77132,170
2.74361,173
2.71617,203
2.68901,165
2.66212,187
2.63550,205
2.60915,170
2.58306,187
2.55722,170
2.53165,200
2.50634,182
2.48127,192
2.45646,203
2.43190,205
2.40758,173
2.38350,182
2.35967,192
2.33607,165
2.31271,170
2.28958,194
2.26669,173
2.24402,165
2.22158,170
2.19936,203
2.17737,200
2.15560,192
2.13404,170
2.11270,165
2.09157,192
2.07066,194
2.04995,200
2.02945,187
2.00916,173
1.98906,194
1.96917,187
1.94948,173
1.92999,205
1.91069,173
1.89158,203
1.87267,187
1.85394,203
1.83540,194
1.81705,187
1.79887,182
1.78089,194
1.76308,205
1.74545,173
1.72799,182
1.71071,173
1.69361,205
1.67667,187
1.65990,182
1.64330,203
1.62687,200
1.61060,182
1.59450,203
1.57855,165
1.56277,200
1.54714,192
1.53167,200
1.51635,170
1.50119,192
1.48617,194
1.47131,187
1.45660,192
1.44203,194
1.42761,205
1.41334,170
1.39920,187
1.38521,205
1.37136,182
1.35765,187
1.34407,173
1.33063,182
1.31732,187
1.30415,200
1.29111,170
1.27820,200
1.26541,170
1.25276,187
1.24023,165
1.22783,194
1.21555,165
1.20340,187
1.19136,203
1.17945,173
1.16765,203
1.15598,205
1.14442,182
1.13297,200
1.12164,165
1.11043,173
1.09932,182
1.08833,173
1.07745,192
1.06667,203
1.05601,194
1.04545,203
1.03499,173
1.02464,200
1.01440,170
1.00425,187
0.99421,170
0.98427,173
0.97442,205
0.96468,187
0.95503,192
0.94548,173
0.93603,205
0.92667,200
0.91740,170
0.90823,182
0.89914,170
0.89015,192
0.88125,187
0.87244,192
0.86372,187
0.85508,192
0.84653,173
0.83806,200
0.82968,173
0.82138,205
0.81317,165
0.80504,187
0.79699,173
0.78902,182
0.78113,165
0.77332,194
0.76558,173
0.75793,170
0.75035,187
0.74285,200
0.73542,187
0.72806,182
0.72078,203
0.71357,173
0.70644,200
0.69937,203
0.69238,205
0.68546,187
0.67860,200
0.67182,194
0.66510,205
0.65845,200
0.65186,187
0.64534,192
0.63889,200
0.63250,170
0.62618,194
0.61991,187
0.61372,203
0.60758,205
0.60150,194
0.59549,182
0.58953,200
0.58364,194
0.57780,170
0.57202,203
0.56630,205
0.56064,173
0.55503,170
0.54948,194
0.54399,200
0.53855,192
0.53316,182
0.52783,200
0.52255,170
0.51733,200
0.51215,194
0.50703,173
0.50196,165
0.49694,182
0.49197,194
0.48705,205
0.48218,203
0.47736,182
0.47259,203
0.46786,165
0.46318,170
0.45855,205
0.45397,200
0.44943,203
0.44493,170
0.44048,192
0.43608,170
0.43172,173
0.42740,187
0.42313,182
0.41889,187
0.41471,205
0.41056,173
0.40645,194
0.40239,200
0.39836,203
0.39438,165
0.39044,205
0.38653,203
0.38267,182
0.37884,165
0.37505,205
0.37130,187
0.36759,200
0.36391,187
0.36027,192
0.35667,205
0.35310,203
0.34957,205
0.34608,194
0.34262,165
0.33919,187
0.33580,170
0.33244,165
0.32912,170
0.32583,205
0.32257,187
0.31934,170
0.31615,205
0.31299,170
0.30986,203
0.30676,187
0.30369,170
0.30065,173
0.29765,192
0.29467,200
0.29172,170
0.28881,192
0.28592,205
0.28306,170
0.28023,192
0.27743,170
0.27465,182
0.27191,173
0.26919,187
0.26649,194
0.26383,182
0.26119,173
0.25858,203
0.25599,173
0.25343,165
0.25090,192
0.24839,205
0.24591,194
0.24345,170
0.24101,194
0.23860,165
0.23622,194
0.23385,187
0.23152,170
0.22920,182
0.22691,200
0.22464,194
0.22239,203
0.22017,205
0.21797,187
0.21579,165
0.21363,194
0.21149,187
0.20938,173
0.20729,165
0.20521,205
0.20316,165
0.20113,205
0.19912,194
0.19713,173
0.19516,165
0.19320,173
0.19127,203
0.18936,192
0.18747,194
0.18559,205
0.18373,200
0.18190,192
0.18008,194
0.17828,173
0.17649,192
0.17473,165
0.17298,173
0.17125,203
0.16954,165
0.16784,187
0.16617,192
0.16450,205
0.16286,173
0.16123,170
0.15962,187
0.15802,170
0.15644,187
0.15488,182
0.15333,194
0.15180,173
0.15028,170
0.14878,187
0.14729,203
0.14581,200
0.14436,203
0.14291,170
0.14148,187
0.14007,165
0.13867,187
0.13728,194
0.13591,205
0.13455,182
0.13320,203
0.13187,170
0.13055,203
0.12925,200
0.12796,173
0.12668,205
0.12541,173
0.12415,200
0.12291,203
0.12168,200
0.12047,205
0.11926,165
0.11807,203
0.11689,173
0.11572,192
0.11456,194
0.11342,200
0.11228,170
0.11116,194
0.11005,170
0.10895,192
0.10786,205
0.10678,165
0.10571,205
0.10466,194
0.10361,170
0.10257,187
0.10155,200
0.10053,194
