temperatura,makespan
10000.00000,17516
9900.00000,725
9801.00000,675
9702.99023,663
9605.95996,732
9509.90039,694
9414.80176,676
9320.65430,749
9227.44824,636
9135.17383,663
9043.82227,657
8953.38379,724
8863.84961,659
8775.21094,626
8687.45898,619
8600.58496,619
8514.57910,601
8429.43359,600
8345.13965,656
8261.68848,621
8179.07178,635
8097.28125,625
8016.30859,658
7936.14551,659
7856.78418,710
7778.21631,676
7700.43408,629
7623.42969,624
7547.19531,621
7471.72363,658
7397.00635,686
7323.03613,653
7249.80566,814
7177.30762,636
7105.53467,612
7034.47949,626
6964.13477,609
6894.49365,608
6825.54883,679
6757.29346,636
6689.72070,633
6622.82373,632
6556.59570,675
6491.02979,693
6426.11963,766
6361.85840,708
6298.23975,731
6235.25732,716
6172.90479,730
6111.17578,780
6050.06396,691
5989.56348,710
5929.66797,701
5870.37158,718
5811.66797,720
5753.55127,733
5696.01562,803
5639.05566,762
5582.66504,827
5526.83838,774
5471.56982,773
5416.85400,717
5362.68555,731
5309.05859,810
5255.96826,779
5203.40869,905
5151.37451,753
5099.86084,935
5048.86230,792
4998.37354,780
4948.38965,811
4898.90576,816
4849.91699,897
4801.41797,818
4753.40381,840
4705.86963,799
4658.81104,930
4612.22314,874
4566.10107,841
4520.43994,813
4475.23535,740
4430.48291,798
4386.17822,736
4342.31641,734
4298.89307,687
4255.90430,653
4213.34521,704
4171.21191,691
4129.50000,709
4088.20508,653
4047.32300,714
4006.84985,716
3966.78149,696
3927.11377,761
3887.84277,708
3848.96436,754
3810.47485,744
3772.37012,853
3734.64648,793
3697.30005,783
3660.32715,809
3623.72388,848
3587.48657,776
3551.61182,830
3516.09570,909
3480.93481,843
3446.12549,810
3411.66431,831
3377.54761,843
3343.77222,795
3310.33447,943
3277.23120,816
3244.45898,797
3212.01440,823
3179.89429,864
3148.09546,791
3116.61450,732
3085.44849,746
3054.59399,737
3024.04810,747
2993.80762,794
2963.86963,765
2934.23096,707
2904.88867,732
2875.83984,704
2847.08154,704
2818.61084,699
2790.42480,756
2762.52051,790
2734.89526,756
2707.54639,818
2680.47095,747
2653.66626,800
2627.12964,827
2600.85840,850
2574.84985,793
2549.10132,792
2523.61035,785
2498.37427,776
2473.39062,750
2448.65674,749
2424.17017,738
2399.92847,752
2375.92920,752
2352.16992,736
2328.64819,812
2305.36182,869
2282.30811,723
2259.48511,734
2236.89038,727
2214.52148,780
2192.37622,717
2170.45239,679
2148.74780,711
2127.26025,745
2105.98779,779
2084.92798,735
2064.07861,748
2043.43787,743
2023.00354,666
2002.77356,720
1982.74585,702
1962.91846,716
1943.28931,724
1923.85645,782
1904.61792,755
1885.57178,752
1866.71606,763
1848.04895,740
1829.56848,832
1811.27283,847
1793.16016,797
1775.22852,783
1757.47620,780
1739.90149,807
1722.50244,695
1705.27747,803
1688.22473,710
1671.34253,749
1654.62915,737
1638.08289,711
1621.70203,684
1605.48499,742
1589.43018,700
1573.53589,683
1557.80054,671
1542.22253,663
1526.80029,721
1511.53235,663
1496.41699,686
1481.45288,689
1466.63831,745
1451.97192,842
1437.45227,734
1423.07776,699
1408.84705,697
1394.75854,733
1380.81091,749
1367.00281,813
1353.33276,841
1339.79944,754
1326.40149,753
1313.13745,697
1300.00610,690
1287.00610,710
1274.13611,732
1261.39478,698
1248.78088,692
1236.29309,774
1223.93018,712
1211.69092,687
1199.57397,672
1187.57825,764
1175.70251,776
1163.94556,694
1152.30615,770
1140.78308,776
1129.37524,719
1118.08154,745
1106.90076,812
1095.83179,759
1084.87354,800
1074.02478,807
1063.28455,801
1052.65173,739
1042.12524,734
1031.70398,790
1021.38696,725
1011.17310,752
1001.06140,753
991.05078,707
981.14026,777
971.32886,767
961.61560,773
951.99945,700
942.47949,719
933.05469,756
923.72412,745
914.48688,733
905.34204,724
896.28864,703
887.32574,736
878.45251,694
869.66797,700
860.97131,762
852.36163,699
843.83801,687
835.39966,732
827.04565,730
818.77521,725
810.58746,696
802.48157,693
794.45679,734
786.51221,717
778.64709,715
770.86066,700
763.15204,702
755.52051,696
747.96533,680
740.48566,760
733.08081,727
725.75000,729
718.49249,752
711.30756,749
704.19446,848
697.15253,843
690.18103,740
683.27924,691
676.44647,692
669.68201,690
662.98517,713
656.35535,734
649.79181,757
643.29388,752
636.86096,747
630.49237,832
624.18744,780
617.94556,880
611.76611,866
605.64844,807
599.59198,858
593.59607,873
587.66010,757
581.78351,820
575.96570,862
570.20605,871
564.50403,824
558.85901,809
553.27045,774
547.73773,791
542.26038,761
536.83777,733
531.46942,685
526.15472,681
520.89319,665
515.68427,728
510.52744,692
505.42218,699
500.36795,729
495.36429,687
490.41064,707
485.50653,729
480.65146,702
475.84494,744
471.08649,751
466.37564,700
461.71188,734
457.09476,797
452.52380,717
447.99857,764
443.51859,771
439.08340,781
434.69257,803
430.34564,791
426.04218,746
421.78177,689
417.56396,685
413.38834,667
409.25446,747
405.16193,748
401.11032,724
397.09921,691
393.12823,737
389.19696,784
385.30499,703
381.45193,729
377.63742,696
373.86105,757
370.12244,687
366.42120,699
362.75699,682
359.12943,678
355.53815,661
351.98276,684
348.46292,743
344.97830,740
341.52853,698
338.11325,737
334.73212,754
331.38480,685
328.07095,683
324.79025,705
321.54236,786
318.32693,722
315.14368,688
311.99225,719
308.87231,710
305.78360,756
302.72577,847
299.69852,780
296.70154,737
293.73453,729
290.79718,716
287.88922,848
285.01035,815
282.16025,774
279.33865,833
276.54526,807
273.77982,844
271.04202,800
268.33160,788
265.64828,774
262.99179,766
260.36188,752
257.75827,746
255.18069,783
252.62889,788
250.10260,761
247.60158,785
245.12556,754
242.67432,750
240.24757,800
237.84511,778
235.46666,773
233.11200,766
230.78088,806
228.47308,813
226.18835,800
223.92647,813
221.68721,749
219.47034,721
217.27563,744
215.10287,733
212.95184,776
210.82233,778
208.71411,839
206.62697,838
204.56070,733
202.51509,791
200.48994,759
198.48505,798
196.50020,783
194.53520,860
192.58986,802
190.66396,769
188.75732,822
186.86975,777
185.00105,767
183.15105,754
181.31953,768
179.50635,718
177.71129,786
175.93417,696
174.17484,773
172.43309,706
170.70876,737
169.00166,771
167.31165,754
165.63853,720
163.98215,817
162.34233,737
160.71890,728
159.11171,684
157.52060,793
155.94539,846
154.38594,791
152.84209,731
151.31367,773
149.80054,737
148.30254,788
146.81952,765
145.35132,859
143.89781,847
142.45883,884
141.03424,827
139.62390,939
138.22766,800
136.84538,769
135.47693,745
134.12216,835
132.78094,777
131.45314,791
130.13861,828
128.83722,801
127.54885,740
126.27336,716
125.01063,716
123.76052,737
122.52292,719
121.29769,683
120.08472,719
118.88387,736
117.69504,716
116.51809,706
115.35291,722
114.19939,716
113.05740,696
111.92683,724
110.80756,731
109.69948,732
108.60249,792
107.51646,740
106.44130,733
105.37688,797
104.32312,795
103.27989,772
102.24709,844
101.22462,868
100.21238,785
99.21026,821
98.21815,822
97.23598,872
96.26362,888
95.30098,877
94.34797,823
93.40449,787
92.47044,806
91.54574,821
90.63028,828
89.72398,854
88.82674,777
87.93847,759
87.05908,737
86.18849,739
85.32661,737
84.47334,804
83.62861,853
82.79232,786
81.96440,794
81.14476,743
80.33331,743
79.52998,816
78.73469,778
77.94734,845
77.16787,850
76.39619,886
75.63223,883
74.87591,756
74.12715,846
73.38588,757
72.65202,778
71.92551,740
71.20625,730
70.49419,728
69.78925,751
69.09136,755
68.40045,746
67.71645,735
67.03928,800
66.36889,751
65.70520,888
65.04815,800
64.39767,770
63.75369,763
63.11616,727
62.48500,707
61.86015,698
61.24154,717
60.62913,711
60.02284,721
59.42261,706
58.82838,791
58.24010,788
57.65770,747
57.08112,737
56.51031,732
55.94521,761
55.38576,757
54.83190,742
54.28358,710
53.74075,756
53.20334,718
52.67131,683
52.14460,673
51.62315,663
51.10692,680
50.59585,730
50.08989,743
49.58899,681
49.09310,747
48.60217,840
48.11615,737
47.63499,734
47.15864,682
46.68706,665
46.22019,737
45.75799,732
45.30041,779
44.84740,741
44.39893,811
43.95494,715
43.51539,710
43.08024,691
42.64944,688
42.22294,671
41.80071,658
41.38271,742
40.96888,728
40.55919,655
40.15360,679
39.75207,680
39.35455,677
38.96100,722
38.57139,771
38.18568,768
37.80383,767
37.42579,715
37.05153,717
36.68102,695
36.31421,727
35.95107,780
35.59156,735
35.23565,850
34.88329,688
34.53446,696
34.18911,701
33.84722,775
33.50875,651
33.17366,727
32.84193,713
32.51351,715
32.18837,709
31.86649,718
31.54782,706
31.23235,709
30.92002,768
30.61082,726
30.30472,712
30.00167,749
29.70165,740
29.40464,737
29.11059,781
28.81948,722
28.53129,733
28.24598,773
27.96352,749
27.68388,790
27.40705,686
27.13297,692
26.86164,711
26.59303,696
26.32710,828
26.06383,739
25.80319,712
25.54516,696
25.28971,707
25.03681,786
24.78644,706
24.53858,709
24.29319,705
24.05026,696
23.80976,691
23.57166,687
23.33594,717
23.10258,759
22.87156,815
22.64284,754
22.41641,860
22.19225,805
21.97033,845
21.75063,883
21.53312,814
21.31779,770
21.10461,798
20.89356,770
20.68463,792
20.47778,802
20.27301,774
20.07028,816
19.86957,740
19.67088,753
19.47417,750
19.27943,771
19.08663,750
18.89577,798
18.70681,768
18.51974,813
18.33454,794
18.15120,714
17.96969,714
17.78999,711
17.61209,737
17.43597,711
17.26161,729
17.08899,725
16.91810,710
16.74892,722
16.58143,707
16.41562,719
16.25146,719
16.08895,759
15.92806,707
15.76878,846
15.61109,740
15.45498,713
15.30043,698
15.14743,694
14.99595,683
14.84599,706
14.69753,752
14.55056,772
14.40505,692
14.26100,689
14.11839,724
13.97721,685
13.83744,760
13.69906,731
13.56207,685
13.42645,697
13.29219,647
13.15927,645
13.02767,645
12.89740,693
12.76842,667
12.64074,717
12.51433,705
12.38919,711
12.26530,710
12.14264,719
12.02122,715
11.90100,736
11.78199,778
11.66418,870
11.54753,686
11.43206,697
11.31774,740
11.20456,733
11.09251,824
10.98159,775
10.87177,808
10.76306,738
10.65543,692
10.54887,765
10.44338,708
10.33895,734
10.23556,684
10.13320,680
10.03187,754
9.93155,678
9.83224,751
9.73391,757
9.63658,730
9.54021,746
9.44481,780
9.35036,822
9.25686,809
9.16429,797
9.07265,826
8.98192,840
8.89210,839
8.80318,846
8.71515,822
8.62800,771
8.54172,765
8.45630,811
8.37174,852
8.28802,794
8.20514,801
8.12309,785
8.04186,771
7.96144,761
7.88182,826
7.80301,830
7.72498,842
7.64773,806
7.57125,775
7.49554,756
7.42058,792
7.34638,782
7.27291,775
7.20018,731
7.12818,730
7.05690,723
6.98633,713
6.91647,707
6.84730,693
6.77883,734
6.71104,683
6.64393,711
6.57749,664
6.51172,713
6.44660,661
6.38213,725
6.31831,741
6.25513,769
6.19258,758
6.13065,726
6.06935,722
6.00865,770
5.94857,719
5.88908,691
5.83019,681
5.77189,712
5.71417,741
5.65703,738
5.60046,758
5.54445,720
5.48901,701
5.43412,667
5.37978,665
5.32598,736
5.27272,707
5.21999,696
5.16779,706
5.11611,755
5.06495,702
5.01430,673
4.96416,709
4.91452,707
4.86537,808
4.81672,722
4.76855,794
4.72087,708
4.67366,749
4.62692,723
4.58065,826
4.53485,759
4.48950,732
4.44460,739
4.40016,748
4.35616,760
4.31259,747
4.26947,746
4.22677,730
4.18451,780
4.14266,863
4.10123,769
4.06022,762
4.01962,809
3.97942,723
3.93963,748
3.90023,701
3.86123,694
3.82262,688
3.78439,682
3.74655,699
3.70908,756
3.67199,750
3.63527,788
3.59892,773
3.56293,755
3.52730,730
3.49203,731
3.45711,790
3.42254,784
3.38831,846
3.35443,812
3.32088,799
3.28768,751
3.25480,697
3.22225,745
3.19003,695
3.15813,673
3.12655,667
3.09528,666
3.06433,741
3.03369,758
3.00335,806
2.97332,834
2.94358,789
2.91415,727
2.88500,723
2.85615,756
2.82759,744
2.79932,714
2.77132,743
2.74361,666
2.71617,746
2.68901,718
2.66212,721
2.63550,749
2.60915,725
2.58306,699
2.55722,689
2.53165,784
2.50634,756
2.48127,796
2.45646,773
2.43190,756
2.40758,778
2.38350,819
2.35967,791
2.33607,774
2.31271,761
2.28958,730
2.26669,783
2.24402,918
2.22158,905
2.19936,799
2.17737,748
2.15560,813
2.13404,761
2.11270,820
2.09157,800
2.07066,752
2.04995,777
2.02945,735
2.00916,730
1.98906,728
1.96917,708
1.94948,810
1.92999,766
1.91069,832
1.89158,803
1.87267,801
1.85394,771
1.83540,806
1.81705,794
1.79887,818
1.78089,792
1.76308,831
1.74545,809
1.72799,797
1.71071,788
1.69361,807
1.67667,768
1.65990,756
1.64330,880
1.62687,873
1.61060,781
1.59450,793
1.57855,937
1.56277,901
1.54714,782
1.53167,771
1.51635,703
1.50119,690
1.48617,687
1.47131,786
1.45660,674
1.44203,667
1.42761,662
1.41334,632
1.39920,645
1.38521,689
1.37136,706
1.35765,715
1.34407,861
1.33063,735
1.31732,692
1.30415,678
1.29111,755
1.27820,769
1.26541,730
1.25276,719
1.24023,668
1.22783,734
1.21555,692
1.20340,687
1.19136,657
1.17945,662
1.16765,711
1.15598,688
1.14442,756
1.13297,639
1.12164,638
1.11043,634
1.09932,672
1.08833,680
1.07745,682
1.06667,677
1.05601,745
1.04545,805
1.03499,753
1.02464,783
1.01440,709
1.00425,710
0.99421,684
0.98427,683
0.97442,694
0.96468,681
0.95503,667
0.94548,671
0.93603,707
0.92667,729
0.91740,728
0.90823,721
0.89914,691
0.89015,686
0.88125,747
0.87244,720
0.86372,657
0.85508,721
0.84653,671
0.83806,699
0.82968,703
0.82138,704
0.81317,756
0.80504,709
0.79699,697
0.78902,783
0.78113,790
0.77332,755
0.76558,700
0.75793,760
0.75035,696
0.74285,680
0.73542,683
0.72806,697
0.72078,710
0.71357,708
0.70644,755
0.69937,743
0.69238,729
0.68546,748
0.67860,718
0.67182,715
0.66510,701
0.65845,701
0.65186,756
0.64534,752
0.63889,728
0.63250,782
0.62618,828
0.61991,827
0.61372,814
0.60758,761
0.60150,772
0.59549,796
0.58953,721
0.58364,841
0.57780,788
0.57202,785
0.56630,821
0.56064,761
0.55503,755
0.54948,793
0.54399,814
0.53855,730
0.53316,707
0.52783,778
0.52255,744
0.51733,758
0.51215,782
0.50703,787
0.50196,810
0.49694,800
0.49197,707
0.48705,719
0.48218,706
0.47736,773
0.47259,766
0.46786,726
0.46318,751
0.45855,870
0.45397,831
0.44943,866
0.44493,858
0.44048,777
0.43608,817
0.43172,841
0.42740,798
0.42313,799
0.41889,846
0.41471,743
0.41056,802
0.40645,754
0.40239,747
0.39836,740
0.39438,730
0.39044,717
0.38653,715
0.38267,754
0.37884,768
0.37505,732
0.37130,757
0.36759,778
0.36391,735
0.36027,751
0.35667,767
0.35310,801
0.34957,813
0.34608,900
0.34262,841
0.33919,852
0.33580,817
0.33244,790
0.32912,838
0.32583,856
0.32257,904
0.31934,887
0.31615,907
0.31299,770
0.30986,765
0.30676,743
0.30369,816
0.30065,727
0.29765,725
0.29467,728
0.29172,778
0.28881,790
0.28592,755
0.28306,826
0.28023,772
0.27743,798
0.27465,750
0.27191,809
0.26919,772
0.26649,706
0.26383,704
0.26119,734
0.25858,763
0.25599,736
0.25343,729
0.25090,717
0.24839,733
0.24591,775
0.24345,762
0.24101,739
0.23860,718
0.23622,761
0.23385,699
0.23152,760
0.22920,770
0.22691,743
0.22464,819
0.22239,673
0.22017,741
0.21797,730
0.21579,721
0.21363,803
0.21149,874
0.20938,789
0.20729,777
0.20521,741
0.20316,739
0.20113,749
0.19912,740
0.19713,803
0.19516,784
0.19320,769
0.19127,843
0.18936,691
0.18747,690
0.18559,860
0.18373,740
0.18190,791
0.18008,858
0.17828,741
0.17649,831
0.17473,758
0.17298,801
0.17125,702
0.16954,798
0.16784,751
0.16617,765
0.16450,760
0.16286,872
0.16123,758
0.15962,836
0.15802,738
0.15644,792
0.15488,734
0.15333,821
0.15180,732
0.15028,815
0.14878,801
0.14729,800
0.14581,797
0.14436,759
0.14291,748
0.14148,765
0.14007,844
0.13867,832
0.13728,816
0.13591,859
0.13455,843
0.13320,820
0.13187,798
0.13055,769
0.12925,826
0.12796,953
0.12668,850
0.12541,757
0.12415,822
0.12291,773
0.12168,718
0.12047,760
0.11926,822
0.11807,791
0.11689,753
0.11572,699
0.11456,736
0.11342,763
0.11228,843
0.11116,832
0.11005,723
0.10895,750
0.10786,740
0.10678,735
0.10571,730
0.10466,772
0.10361,745
0.10257,800
0.10155,723
0.10053,746
