temperatura,makespan
10000.00000,1381
9900.00000,229
9801.00000,233
9702.99023,219
9605.95996,265
9509.90039,212
9414.80176,209
9320.65430,235
9227.44824,237
9135.17383,277
9043.82227,279
8953.38379,255
8863.84961,298
8775.21094,252
8687.45898,309
8600.58496,383
8514.57910,317
8429.43359,301
8345.13965,297
8261.68848,267
8179.07178,295
8097.28125,266
8016.30859,314
7936.14551,289
7856.78418,257
7778.21631,282
7700.43408,394
7623.42969,403
7547.19531,281
7471.72363,356
7397.00635,247
7323.03613,295
7249.80566,263
7177.30762,259
7105.53467,262
7034.47949,329
6964.13477,269
6894.49365,269
6825.54883,188
6757.29346,179
6689.72070,178
6622.82373,175
6556.59570,195
6491.02979,194
6426.11963,191
6361.85840,216
6298.23975,171
6235.25732,176
6172.90479,221
6111.17578,216
6050.06396,209
5989.56348,191
5929.66797,187
5870.37158,212
5811.66797,211
5753.55127,171
5696.01562,206
5639.05566,229
5582.66504,212
5526.83838,228
5471.56982,187
5416.85400,188
5362.68555,187
5309.05859,199
5255.96826,211
5203.40869,228
5151.37451,191
5099.86084,192
5048.86230,176
4998.37354,193
4948.38965,173
4898.90576,193
4849.91699,173
4801.41797,193
4753.40381,216
4705.86963,173
4658.81104,228
4612.22314,216
4566.10107,192
4520.43994,188
4475.23535,173
4430.48291,216
4386.17822,193
4342.31641,233
4298.89307,195
4255.90430,220
4213.34521,237
4171.21191,173
4129.50000,192
4088.20508,210
4047.32300,175
4006.84985,216
3966.78149,175
3927.11377,217
3887.84277,192
3848.96436,233
3810.47485,219
3772.37012,217
3734.64648,212
3697.30005,192
3660.32715,226
3623.72388,192
3587.48657,244
3551.61182,241
3516.09570,287
3480.93481,295
3446.12549,277
3411.66431,349
3377.54761,264
3343.77222,234
3310.33447,310
3277.23120,276
3244.45898,266
3212.01440,312
3179.89429,325
3148.09546,257
3116.61450,235
3085.44849,272
3054.59399,230
3024.04810,268
2993.80762,229
2963.86963,207
2934.23096,217
2904.88867,197
2875.83984,194
2847.08154,261
2818.61084,219
2790.42480,234
2762.52051,269
2734.89526,270
2707.54639,303
2680.47095,249
2653.66626,334
2627.12964,328
2600.85840,255
2574.84985,276
2549.10132,255
2523.61035,324
2498.37427,267
2473.39062,241
2448.65674,261
2424.17017,270
2399.92847,268
2375.92920,250
2352.16992,285
2328.64819,259
2305.36182,252
2282.30811,213
2259.48511,207
2236.89038,206
2214.52148,202
2192.37622,193
2170.45239,187
2148.74780,251
2127.26025,240
2105.98779,239
2084.92798,222
2064.07861,221
2043.43787,266
2023.00354,219
2002.77356,208
1982.74585,242
1962.91846,343
1943.28931,244
1923.85645,212
1904.61792,251
1885.57178,251
1866.71606,251
1848.04895,271
1829.56848,294
1811.27283,353
1793.16016,272
1775.22852,340
1757.47620,383
1739.90149,352
1722.50244,341
1705.27747,317
1688.22473,264
1671.34253,239
1654.62915,264
1638.08289,256
1621.70203,266
1605.48499,245
1589.43018,207
1573.53589,198
1557.80054,194
1542.22253,274
1526.80029,222
1511.53235,237
1496.41699,234
1481.45288,216
1466.63831,193
1451.97192,181
1437.45227,244
1423.07776,230
1408.84705,239
1394.75854,207
1380.81091,216
1367.00281,223
1353.33276,204
1339.79944,230
1326.40149,216
1313.13745,204
1300.00610,266
1287.00610,286
1274.13611,313
1261.39478,335
1248.78088,298
1236.29309,348
1223.93018,377
1211.69092,297
1199.57397,286
1187.57825,385
1175.70251,278
1163.94556,254
1152.30615,274
1140.78308,291
1129.37524,344
1118.08154,299
1106.90076,267
1095.83179,344
1084.87354,282
1074.02478,290
1063.28455,336
1052.65173,283
1042.12524,291
1031.70398,333
1021.38696,484
1011.17310,435
1001.06140,339
991.05078,345
981.14026,341
971.32886,349
961.61560,355
951.99945,345
942.47949,347
933.05469,332
923.72412,285
914.48688,293
905.34204,281
896.28864,269
887.32574,280
878.45251,259
869.66797,241
860.97131,311
852.36163,353
843.83801,364
835.39966,378
827.04565,299
818.77521,325
810.58746,287
802.48157,316
794.45679,342
786.51221,403
778.64709,340
770.86066,373
763.15204,405
755.52051,237
747.96533,225
740.48566,212
733.08081,191
725.75000,195
718.49249,216
711.30756,185
704.19446,219
697.15253,192
690.18103,235
683.27924,311
676.44647,238
669.68201,239
662.98517,193
656.35535,276
649.79181,332
643.29388,258
636.86096,349
630.49237,285
624.18744,273
617.94556,340
611.76611,266
605.64844,315
599.59198,264
593.59607,241
587.66010,241
581.78351,276
575.96570,246
570.20605,310
564.50403,274
558.85901,214
553.27045,234
547.73773,212
542.26038,238
536.83777,298
531.46942,272
526.15472,277
520.89319,322
515.68427,240
510.52744,252
505.42218,243
500.36795,217
495.36429,194
490.41064,192
485.50653,231
480.65146,197
475.84494,192
471.08649,174
466.37564,187
461.71188,259
457.09476,228
452.52380,219
447.99857,213
443.51859,232
439.08340,212
434.69257,225
430.34564,365
426.04218,251
421.78177,312
417.56396,188
413.38834,237
409.25446,253
405.16193,307
401.11032,287
397.09921,330
393.12823,275
389.19696,295
385.30499,345
381.45193,301
377.63742,370
373.86105,259
370.12244,258
366.42120,274
362.75699,241
359.12943,241
355.53815,231
351.98276,242
348.46292,282
344.97830,270
341.52853,325
338.11325,282
334.73212,383
331.38480,315
328.07095,367
324.79025,388
321.54236,273
318.32693,394
315.14368,293
311.99225,329
308.87231,332
305.78360,286
302.72577,329
299.69852,392
296.70154,274
293.73453,265
290.79718,306
287.88922,273
285.01035,323
282.16025,253
279.33865,315
276.54526,278
273.77982,313
271.04202,312
268.33160,395
265.64828,368
262.99179,339
260.36188,257
257.75827,340
255.18069,299
252.62889,308
250.10260,381
247.60158,396
245.12556,296
242.67432,289
240.24757,258
237.84511,312
235.46666,299
233.11200,270
230.78088,307
228.47308,332
226.18835,283
223.92647,230
221.68721,228
219.47034,272
217.27563,213
215.10287,255
212.95184,264
210.82233,305
208.71411,300
206.62697,297
204.56070,319
202.51509,340
200.48994,288
198.48505,286
196.50020,289
194.53520,329
192.58986,375
190.66396,385
188.75732,462
186.86975,317
185.00105,324
183.15105,304
181.31953,321
179.50635,278
177.71129,387
175.93417,332
174.17484,440
172.43309,336
170.70876,340
169.00166,380
167.31165,429
165.63853,241
163.98215,300
162.34233,321
160.71890,245
159.11171,224
157.52060,208
155.94539,207
154.38594,200
152.84209,190
151.31367,188
149.80054,182
148.30254,179
146.81952,177
145.35132,168
143.89781,179
142.45883,177
141.03424,198
139.62390,177
138.22766,179
136.84538,182
135.47693,205
134.12216,178
132.78094,181
131.45314,182
130.13861,205
128.83722,177
127.54885,219
126.27336,215
125.01063,205
123.76052,215
122.52292,168
121.29769,177
120.08472,215
118.88387,178
117.69504,215
116.51809,205
115.35291,177
114.19939,178
113.05740,209
111.92683,181
110.80756,179
109.69948,162
108.60249,195
107.51646,208
106.44130,221
105.37688,246
104.32312,231
103.27989,242
102.24709,220
101.22462,223
100.21238,192
99.21026,207
98.21815,228
97.23598,186
96.26362,169
95.30098,214
94.34797,268
93.40449,223
92.47044,257
91.54574,308
90.63028,259
89.72398,245
88.82674,230
87.93847,223
87.05908,198
86.18849,239
85.32661,180
84.47334,182
83.62861,186
82.79232,182
81.96440,180
81.14476,177
80.33331,175
79.52998,183
78.73469,164
77.94734,208
77.16787,249
76.39619,218
75.63223,272
74.87591,173
74.12715,239
73.38588,279
72.65202,260
71.92551,273
71.20625,244
70.49419,274
69.78925,375
69.09136,393
68.40045,456
67.71645,265
67.03928,202
66.36889,220
65.70520,235
65.04815,188
64.39767,235
63.75369,229
63.11616,256
62.48500,244
61.86015,235
61.24154,243
60.62913,188
60.02284,213
59.42261,195
58.82838,185
58.24010,211
57.65770,196
57.08112,263
56.51031,243
55.94521,251
55.38576,208
54.83190,200
54.28358,215
53.74075,254
53.20334,277
52.67131,211
52.14460,362
51.62315,218
51.10692,269
50.59585,264
50.08989,248
49.58899,238
49.09310,242
48.60217,220
48.11615,203
47.63499,230
47.15864,258
46.68706,188
46.22019,221
45.75799,244
45.30041,267
44.84740,243
44.39893,259
43.95494,268
43.51539,271
43.08024,227
42.64944,227
42.22294,208
41.80071,209
41.38271,194
40.96888,219
40.55919,244
40.15360,236
39.75207,195
39.35455,192
38.96100,178
38.57139,185
38.18568,171
37.80383,178
37.42579,184
37.05153,185
36.68102,165
36.31421,222
35.95107,247
35.59156,253
35.23565,272
34.88329,259
34.53446,224
34.18911,261
33.84722,218
33.50875,241
33.17366,199
32.84193,193
32.51351,224
32.18837,243
31.86649,214
31.54782,263
31.23235,253
30.92002,231
30.61082,257
30.30472,307
30.00167,259
29.70165,287
29.40464,363
29.11059,302
28.81948,379
28.53129,351
28.24598,256
27.96352,230
27.68388,251
27.40705,208
27.13297,204
26.86164,234
26.59303,229
26.32710,225
26.06383,222
25.80319,278
25.54516,243
25.28971,304
25.03681,302
24.78644,345
24.53858,369
24.29319,283
24.05026,262
23.80976,345
23.57166,238
23.33594,251
23.10258,304
22.87156,218
22.64284,223
22.41641,199
22.19225,209
21.97033,196
21.75063,186
21.53312,183
21.31779,177
21.10461,197
20.89356,176
20.68463,197
20.47778,174
20.27301,186
20.07028,209
19.86957,186
19.67088,199
19.47417,222
19.27943,210
19.08663,211
18.89577,221
18.70681,206
18.51974,174
18.33454,218
18.15120,233
17.96969,280
17.78999,291
17.61209,241
17.43597,207
17.26161,204
17.08899,277
16.91810,313
16.74892,273
16.58143,367
16.41562,339
16.25146,307
16.08895,355
15.92806,253
15.76878,284
15.61109,355
15.45498,385
15.30043,495
15.14743,356
14.99595,353
14.84599,355
14.69753,316
14.55056,275
14.40505,379
14.26100,261
14.11839,254
13.97721,314
13.83744,322
13.69906,323
13.56207,344
13.42645,333
13.29219,311
13.15927,299
13.02767,278
12.89740,229
12.76842,321
12.64074,263
12.51433,274
12.38919,241
12.26530,244
12.14264,250
12.02122,255
11.90100,241
11.78199,240
11.66418,215
11.54753,208
11.43206,231
11.31774,207
11.20456,205
11.09251,203
10.98159,201
10.87177,193
10.76306,281
10.65543,243
10.54887,266
10.44338,281
10.33895,279
10.23556,312
10.13320,305
10.03187,268
9.93155,281
9.83224,401
9.73391,286
9.63658,282
9.54021,357
9.44481,387
9.35036,317
9.25686,334
9.16429,299
9.07265,284
8.98192,279
8.89210,339
8.80318,304
8.71515,380
8.62800,472
8.54172,408
8.45630,323
8.37174,321
8.28802,407
8.20514,339
8.12309,345
8.04186,328
7.96144,319
7.88182,504
7.80301,340
7.72498,318
7.64773,279
7.57125,272
7.49554,252
7.42058,246
7.34638,266
7.27291,260
7.20018,232
7.12818,222
7.05690,230
6.98633,201
6.91647,181
6.84730,178
6.77883,175
6.71104,170
6.64393,188
6.57749,175
6.51172,209
6.44660,165
6.38213,229
6.31831,165
6.25513,210
6.19258,218
6.13065,206
6.06935,193
6.00865,170
5.94857,167
5.88908,165
5.83019,230
5.77189,216
5.71417,229
5.65703,218
5.60046,243
5.54445,230
5.48901,285
5.43412,256
5.37978,261
5.32598,244
5.27272,255
5.21999,311
5.16779,325
5.11611,310
5.06495,336
5.01430,342
4.96416,406
4.91452,323
4.86537,366
4.81672,343
4.76855,272
4.72087,276
4.67366,274
4.62692,358
4.58065,268
4.53485,251
4.48950,214
4.44460,218
4.40016,212
4.35616,201
4.31259,213
4.26947,250
4.22677,188
4.18451,182
4.14266,200
4.10123,256
4.06022,295
4.01962,265
3.97942,217
3.93963,240
3.90023,249
3.86123,247
3.82262,303
3.78439,290
3.74655,320
3.70908,290
3.67199,249
3.63527,336
3.59892,349
3.56293,360
3.52730,347
3.49203,265
3.45711,331
3.42254,228
3.38831,336
3.35443,275
3.32088,255
3.28768,231
3.25480,220
3.22225,287
3.19003,267
3.15813,277
3.12655,346
3.09528,316
3.06433,314
3.03369,267
3.00335,272
2.97332,265
2.94358,253
2.91415,352
2.88500,222
2.85615,290
2.82759,278
2.79932,277
2.77132,326
2.74361,360
2.71617,327
2.68901,288
2.66212,278
2.63550,369
2.60915,298
2.58306,354
2.55722,387
2.53165,330
2.50634,407
2.48127,298
2.45646,266
2.43190,286
2.40758,376
2.38350,322
2.35967,410
2.33607,323
2.31271,263
2.28958,288
2.26669,261
2.24402,323
2.22158,422
2.19936,277
2.17737,326
2.15560,293
2.13404,336
2.11270,360
2.09157,347
2.07066,318
2.04995,236
2.02945,228
2.00916,262
1.98906,227
1.96917,226
1.94948,278
1.92999,234
1.91069,267
1.89158,283
1.87267,291
1.85394,264
1.83540,326
1.81705,301
1.79887,284
1.78089,298
1.76308,328
1.74545,430
1.72799,290
1.71071,309
1.69361,328
1.67667,441
1.65990,281
1.64330,306
1.62687,217
1.61060,272
1.59450,297
1.57855,232
1.56277,213
1.54714,290
1.53167,239
1.51635,249
1.50119,254
1.48617,254
1.47131,243
1.45660,268
1.44203,351
1.42761,284
1.41334,328
1.39920,348
1.38521,287
1.37136,269
1.35765,265
1.34407,318
1.33063,313
1.31732,254
1.30415,291
1.29111,307
1.27820,258
1.26541,344
1.25276,283
1.24023,322
1.22783,295
1.21555,274
1.20340,315
1.19136,304
1.17945,334
1.16765,333
1.15598,306
1.14442,318
1.13297,289
1.12164,383
1.11043,428
1.09932,427
1.08833,523
1.07745,344
1.06667,344
1.05601,314
1.04545,338
1.03499,315
1.02464,282
1.01440,374
1.00425,299
0.99421,273
0.98427,339
0.97442,254
0.96468,253
0.95503,301
0.94548,263
0.93603,252
0.92667,310
0.91740,286
0.90823,321
0.89914,298
0.89015,280
0.88125,314
0.87244,297
0.86372,360
0.85508,447
0.84653,359
0.83806,355
0.82968,386
0.82138,380
0.81317,278
0.80504,264
0.79699,406
0.78902,282
0.78113,281
0.77332,282
0.76558,263
0.75793,258
0.75035,302
0.74285,327
0.73542,318
0.72806,388
0.72078,341
0.71357,270
0.70644,272
0.69937,192
0.69238,218
0.68546,223
0.67860,177
0.67182,163
0.66510,161
0.65845,154
0.65186,155
0.64534,181
0.63889,171
0.63250,181
0.62618,155
0.61991,171
0.61372,180
0.60758,167
0.60150,180
0.59549,154
0.58953,172
0.58364,154
0.57780,181
0.57202,155
0.56630,171
0.56064,171
0.55503,181
0.54948,172
0.54399,155
0.53855,181
0.53316,154
0.52783,189
0.52255,234
0.51733,324
0.51215,238
0.50703,221
0.50196,244
0.49694,247
0.49197,260
0.48705,352
0.48218,384
0.47736,335
0.47259,296
0.46786,281
0.46318,397
0.45855,284
0.45397,319
0.44943,376
0.44493,377
0.44048,365
0.43608,329
0.43172,236
0.42740,288
0.42313,302
0.41889,268
0.41471,278
0.41056,282
0.40645,362
0.40239,353
0.39836,436
0.39438,298
0.39044,288
0.38653,282
0.38267,343
0.37884,335
0.37505,341
0.37130,424
0.36759,359
0.36391,429
0.36027,323
0.35667,308
0.35310,278
0.34957,357
0.34608,259
0.34262,289
0.33919,290
0.33580,256
0.33244,312
0.32912,278
0.32583,317
0.32257,275
0.31934,316
0.31615,310
0.31299,381
0.30986,294
0.30676,323
0.30369,290
0.30065,298
0.29765,364
0.29467,390
0.29172,248
0.28881,305
0.28592,250
0.28306,307
0.28023,328
0.27743,267
0.27465,345
0.27191,419
0.26919,369
0.26649,349
0.26383,290
0.26119,288
0.25858,342
0.25599,293
0.25343,291
0.25090,329
0.24839,371
0.24591,450
0.24345,365
0.24101,367
0.23860,498
0.23622,379
0.23385,214
0.23152,211
0.22920,283
0.22691,324
0.22464,276
0.22239,340
0.22017,392
0.21797,390
0.21579,216
0.21363,223
0.21149,205
0.20938,187
0.20729,176
0.20521,226
0.20316,176
0.20113,175
0.19912,169
0.19713,186
0.19516,192
0.19320,169
0.19127,165
0.18936,163
0.18747,228
0.18559,193
0.18373,217
0.18190,221
0.18008,193
0.17828,233
0.17649,218
0.17473,220
0.17298,238
0.17125,200
0.16954,205
0.16784,217
0.16617,200
0.16450,197
0.16286,201
0.16123,254
0.15962,238
0.15802,197
0.15644,228
0.15488,221
0.15333,193
0.15180,190
0.15028,178
0.14878,177
0.14729,177
0.14581,178
0.14436,221
0.14291,248
0.14148,201
0.14007,202
0.13867,253
0.13728,225
0.13591,228
0.13455,219
0.13320,167
0.13187,187
0.13055,161
0.12925,205
0.12796,164
0.12668,204
0.12541,205
0.12415,178
0.12291,162
0.12168,161
0.12047,189
0.11926,179
0.11807,202
0.11689,198
0.11572,217
0.11456,225
0.11342,205
0.11228,253
0.11116,197
0.11005,225
0.10895,212
0.10786,197
0.10678,189
0.10571,184
0.10466,205
0.10361,227
0.10257,184
0.10155,174
0.10053,161
