temperatura,makespan
10000.00000,1541
9900.00000,328
9801.00000,286
9702.99023,276
9605.95996,340
9509.90039,279
9414.80176,317
9320.65430,388
9227.44824,386
9135.17383,423
9043.82227,406
8953.38379,294
8863.84961,290
8775.21094,288
8687.45898,299
8600.58496,372
8514.57910,249
8429.43359,241
8345.13965,291
8261.68848,296
8179.07178,376
8097.28125,402
8016.30859,318
7936.14551,331
7856.78418,365
7778.21631,300
7700.43408,276
7623.42969,432
7547.19531,301
7471.72363,387
7397.00635,352
7323.03613,342
7249.80566,383
7177.30762,313
7105.53467,387
7034.47949,278
6964.13477,233
6894.49365,257
6825.54883,209
6757.29346,198
6689.72070,194
6622.82373,278
6556.59570,278
6491.02979,293
6426.11963,243
6361.85840,227
6298.23975,217
6235.25732,259
6172.90479,236
6111.17578,238
6050.06396,291
5989.56348,235
5929.66797,307
5870.37158,257
5811.66797,271
5753.55127,250
5696.01562,276
5639.05566,266
5582.66504,296
5526.83838,249
5471.56982,231
5416.85400,209
5362.68555,203
5309.05859,200
5255.96826,197
5203.40869,188
5151.37451,204
5099.86084,188
5048.86230,218
4998.37354,215
4948.38965,199
4898.90576,228
4849.91699,208
4801.41797,182
4753.40381,199
4705.86963,226
4658.81104,216
4612.22314,208
4566.10107,215
4520.43994,201
4475.23535,247
4430.48291,201
4386.17822,199
4342.31641,188
4298.89307,208
4255.90430,181
4213.34521,179
4171.21191,179
4129.50000,173
4088.20508,228
4047.32300,232
4006.84985,235
3966.78149,201
3927.11377,213
3887.84277,206
3848.96436,213
3810.47485,225
3772.37012,200
3734.64648,199
3697.30005,225
3660.32715,206
3623.72388,228
3587.48657,216
3551.61182,206
3516.09570,231
3480.93481,225
3446.12549,189
3411.66431,216
3377.54761,201
3343.77222,216
3310.33447,189
3277.23120,231
3244.45898,228
3212.01440,216
3179.89429,206
3148.09546,189
3116.61450,228
3085.44849,225
3054.59399,199
3024.04810,231
2993.80762,213
2963.86963,189
2934.23096,225
2904.88867,231
2875.83984,216
2847.08154,225
2818.61084,206
2790.42480,199
2762.52051,216
2734.89526,209
2707.54639,206
2680.47095,201
2653.66626,209
2627.12964,231
2600.85840,209
2574.84985,216
2549.10132,213
2523.61035,189
2498.37427,216
2473.39062,231
2448.65674,189
2424.17017,231
2399.92847,189
2375.92920,209
2352.16992,216
2328.64819,228
2305.36182,213
2282.30811,201
2259.48511,209
2236.89038,225
2214.52148,189
2192.37622,206
2170.45239,216
2148.74780,189
2127.26025,206
2105.98779,209
2084.92798,206
2064.07861,231
2043.43787,225
2023.00354,231
2002.77356,216
1982.74585,213
1962.91846,199
1943.28931,228
1923.85645,189
1904.61792,213
1885.57178,225
1866.71606,199
1848.04895,231
1829.56848,213
1811.27283,225
1793.16016,189
1775.22852,209
1757.47620,206
1739.90149,189
1722.50244,209
1705.27747,225
1688.22473,228
1671.34253,231
1654.62915,189
1638.08289,225
1621.70203,213
1605.48499,225
1589.43018,228
1573.53589,213
1557.80054,228
1542.22253,231
1526.80029,189
1511.53235,216
1496.41699,225
1481.45288,201
1466.63831,225
1451.97192,228
1437.45227,216
1423.07776,199
1408.84705,225
1394.75854,201
1380.81091,231
1367.00281,225
1353.33276,201
1339.79944,189
1326.40149,216
1313.13745,206
1300.00610,201
1287.00610,209
1274.13611,216
1261.39478,206
1248.78088,225
1236.29309,201
1223.93018,231
1211.69092,216
1199.57397,225
1187.57825,206
1175.70251,213
1163.94556,231
1152.30615,189
1140.78308,228
1129.37524,213
1118.08154,201
1106.90076,228
1095.83179,231
1084.87354,225
1074.02478,231
1063.28455,209
1052.65173,213
1042.12524,228
1031.70398,225
1021.38696,213
1011.17310,201
1001.06140,228
991.05078,189
981.14026,206
971.32886,213
961.61560,231
951.99945,225
942.47949,213
933.05469,209
923.72412,213
914.48688,189
905.34204,201
896.28864,216
887.32574,228
878.45251,231
869.66797,225
860.97131,209
852.36163,201
843.83801,213
835.39966,206
827.04565,228
818.77521,225
810.58746,201
802.48157,228
794.45679,231
786.51221,199
778.64709,201
770.86066,206
763.15204,216
755.52051,213
747.96533,225
740.48566,209
733.08081,199
725.75000,209
718.49249,228
711.30756,206
704.19446,228
697.15253,225
690.18103,189
683.27924,206
676.44647,189
669.68201,199
662.98517,201
656.35535,216
649.79181,231
643.29388,209
636.86096,228
630.49237,213
624.18744,201
617.94556,189
611.76611,225
605.64844,228
599.59198,206
593.59607,199
587.66010,189
581.78351,231
575.96570,206
570.20605,225
564.50403,213
558.85901,206
553.27045,231
547.73773,206
542.26038,189
536.83777,199
531.46942,228
526.15472,201
520.89319,213
515.68427,225
510.52744,206
505.42218,231
500.36795,209
495.36429,231
490.41064,199
485.50653,209
480.65146,228
475.84494,225
471.08649,209
466.37564,213
461.71188,216
457.09476,206
452.52380,209
447.99857,231
443.51859,199
439.08340,225
434.69257,199
430.34564,201
426.04218,213
421.78177,199
417.56396,189
413.38834,199
409.25446,216
405.16193,189
401.11032,228
397.09921,189
393.12823,216
389.19696,209
385.30499,228
381.45193,201
377.63742,231
373.86105,209
370.12244,201
366.42120,216
362.75699,225
359.12943,216
355.53815,209
351.98276,228
348.46292,189
344.97830,209
341.52853,199
338.11325,201
334.73212,189
331.38480,201
328.07095,189
324.79025,189
321.54236,199
318.32693,213
315.14368,216
311.99225,216
308.87231,213
305.78360,201
302.72577,201
299.69852,209
296.70154,206
293.73453,209
290.79718,206
287.88922,216
285.01035,231
282.16025,228
279.33865,199
276.54526,201
273.77982,199
271.04202,231
268.33160,225
265.64828,189
262.99179,189
260.36188,228
257.75827,225
255.18069,228
252.62889,206
250.10260,225
247.60158,189
245.12556,199
242.67432,216
240.24757,213
237.84511,225
235.46666,199
233.11200,216
230.78088,199
228.47308,189
226.18835,225
223.92647,216
221.68721,201
219.47034,201
217.27563,216
215.10287,209
212.95184,189
210.82233,201
208.71411,199
206.62697,201
204.56070,231
202.51509,206
200.48994,199
198.48505,199
196.50020,216
194.53520,213
192.58986,199
190.66396,201
188.75732,231
186.86975,225
185.00105,213
183.15105,231
181.31953,228
179.50635,199
177.71129,206
175.93417,225
174.17484,213
172.43309,201
170.70876,213
169.00166,206
167.31165,209
165.63853,228
163.98215,231
162.34233,201
160.71890,201
159.11171,213
157.52060,189
155.94539,201
154.38594,213
152.84209,216
151.31367,189
149.80054,206
148.30254,209
146.81952,201
145.35132,228
143.89781,206
142.45883,213
141.03424,225
139.62390,201
138.22766,199
136.84538,231
135.47693,216
134.12216,225
132.78094,228
131.45314,199
130.13861,201
128.83722,213
127.54885,225
126.27336,228
125.01063,213
123.76052,228
122.52292,201
121.29769,199
120.08472,228
118.88387,201
117.69504,225
116.51809,231
115.35291,201
114.19939,206
113.05740,199
111.92683,206
110.80756,189
109.69948,216
108.60249,206
107.51646,199
106.44130,213
105.37688,206
104.32312,225
103.27989,216
102.24709,231
101.22462,228
100.21238,206
99.21026,206
98.21815,213
97.23598,216
96.26362,189
95.30098,228
94.34797,209
93.40449,231
92.47044,216
91.54574,201
90.63028,231
89.72398,189
88.82674,213
87.93847,213
87.05908,216
86.18849,199
85.32661,209
84.47334,225
83.62861,199
82.79232,199
81.96440,189
81.14476,201
80.33331,206
79.52998,213
78.73469,213
77.94734,213
77.16787,189
76.39619,199
75.63223,201
74.87591,189
74.12715,231
73.38588,228
72.65202,189
71.92551,189
71.20625,225
70.49419,199
69.78925,199
69.09136,213
68.40045,216
67.71645,189
67.03928,199
66.36889,213
65.70520,209
65.04815,206
64.39767,225
63.75369,228
63.11616,213
62.48500,189
61.86015,199
61.24154,209
60.62913,189
60.02284,213
59.42261,201
58.82838,213
58.24010,199
57.65770,209
57.08112,199
56.51031,228
55.94521,199
55.38576,209
54.83190,206
54.28358,199
53.74075,199
53.20334,228
52.67131,209
52.14460,209
51.62315,216
51.10692,206
50.59585,213
50.08989,216
49.58899,216
49.09310,199
48.60217,209
48.11615,209
47.63499,189
47.15864,189
46.68706,199
46.22019,206
45.75799,213
45.30041,225
44.84740,209
44.39893,206
43.95494,199
43.51539,231
43.08024,213
42.64944,206
42.22294,201
41.80071,216
41.38271,206
40.96888,206
40.55919,189
40.15360,189
39.75207,189
39.35455,201
38.96100,209
38.57139,213
38.18568,209
37.80383,199
37.42579,199
37.05153,225
36.68102,199
36.31421,199
35.95107,199
35.59156,199
35.23565,199
34.88329,201
34.53446,189
34.18911,189
33.84722,206
33.50875,216
33.17366,216
32.84193,206
32.51351,206
32.18837,189
31.86649,225
31.54782,216
31.23235,201
30.92002,201
30.61082,206
30.30472,206
30.00167,206
29.70165,206
29.40464,206
29.11059,225
28.81948,213
28.53129,209
28.24598,213
27.96352,216
27.68388,189
27.40705,189
27.13297,213
26.86164,225
26.59303,189
26.32710,225
26.06383,209
25.80319,189
25.54516,189
25.28971,189
25.03681,228
24.78644,189
24.53858,201
24.29319,213
24.05026,206
23.80976,225
23.57166,228
23.33594,199
23.10258,206
22.87156,225
22.64284,231
22.41641,209
22.19225,206
21.97033,206
21.75063,206
21.53312,206
21.31779,206
21.10461,225
20.89356,225
20.68463,209
20.47778,231
20.27301,199
20.07028,213
19.86957,216
19.67088,206
19.47417,209
19.27943,189
19.08663,189
18.89577,189
18.70681,189
18.51974,189
18.33454,199
18.15120,199
17.96969,213
17.78999,209
17.61209,199
17.43597,206
17.26161,189
17.08899,189
16.91810,189
16.74892,189
16.58143,189
16.41562,228
16.25146,228
16.08895,199
15.92806,213
15.76878,199
15.61109,225
15.45498,216
15.30043,216
15.14743,216
14.99595,206
14.84599,199
14.69753,199
14.55056,228
14.40505,209
14.26100,213
14.11839,213
13.97721,199
13.83744,199
13.69906,216
13.56207,201
13.42645,209
13.29219,213
13.15927,206
13.02767,201
12.89740,201
12.76842,199
12.64074,209
12.51433,209
12.38919,209
12.26530,209
12.14264,209
12.02122,213
11.90100,213
11.78199,199
11.66418,209
11.54753,189
11.43206,189
11.31774,189
11.20456,189
11.09251,189
10.98159,189
10.87177,189
10.76306,189
10.65543,189
10.54887,189
10.44338,209
10.33895,199
10.23556,199
10.13320,199
10.03187,199
9.93155,199
9.83224,189
9.73391,189
9.63658,189
9.54021,189
9.44481,189
9.35036,189
9.25686,189
9.16429,189
9.07265,189
8.98192,189
8.89210,189
8.80318,189
8.71515,189
8.62800,189
8.54172,189
8.45630,189
8.37174,189
8.28802,189
8.20514,189
8.12309,189
8.04186,189
7.96144,206
7.88182,216
7.80301,201
7.72498,201
7.64773,201
7.57125,201
7.49554,206
7.42058,201
7.34638,189
7.27291,189
7.20018,189
7.12818,189
7.05690,189
6.98633,189
6.91647,189
6.84730,189
6.77883,189
6.71104,189
6.64393,206
6.57749,206
6.51172,206
6.44660,206
6.38213,201
6.31831,201
6.25513,201
6.19258,201
6.13065,201
6.06935,201
6.00865,201
5.94857,201
5.88908,201
5.83019,201
5.77189,201
5.71417,201
5.65703,201
5.60046,201
5.54445,206
5.48901,206
5.43412,189
5.37978,189
5.32598,189
5.27272,189
5.21999,189
5.16779,189
5.11611,189
5.06495,189
5.01430,189
4.96416,189
4.91452,189
4.86537,189
4.81672,189
4.76855,189
4.72087,189
4.67366,199
4.62692,199
4.58065,199
4.53485,201
4.48950,201
4.44460,201
4.40016,201
4.35616,199
4.31259,199
4.26947,199
4.22677,199
4.18451,189
4.14266,189
4.10123,189
4.06022,189
4.01962,189
3.97942,189
3.93963,189
3.90023,189
3.86123,189
3.82262,189
3.78439,189
3.74655,189
3.70908,189
3.67199,189
3.63527,189
3.59892,189
3.56293,189
3.52730,189
3.49203,189
3.45711,189
3.42254,189
3.38831,213
3.35443,213
3.32088,206
3.28768,199
3.25480,199
3.22225,199
3.19003,201
3.15813,201
3.12655,201
3.09528,201
3.06433,201
3.03369,199
3.00335,199
2.97332,199
2.94358,199
2.91415,199
2.88500,201
2.85615,201
2.82759,201
2.79932,201
2.77132,189
2.74361,189
2.71617,189
2.68901,189
2.66212,189
2.63550,189
2.60915,189
2.58306,189
2.55722,189
2.53165,189
2.50634,189
2.48127,189
2.45646,189
2.43190,189
2.40758,189
2.38350,189
2.35967,189
2.33607,189
2.31271,189
2.28958,189
2.26669,189
2.24402,189
2.22158,189
2.19936,189
2.17737,189
2.15560,189
2.13404,189
2.11270,189
2.09157,189
2.07066,189
2.04995,189
2.02945,189
2.00916,189
1.98906,189
1.96917,189
1.94948,189
1.92999,189
1.91069,189
1.89158,189
1.87267,189
1.85394,189
1.83540,189
1.81705,189
1.79887,189
1.78089,189
1.76308,189
1.74545,189
1.72799,189
1.71071,189
1.69361,189
1.67667,189
1.65990,189
1.64330,189
1.62687,189
1.61060,189
1.59450,189
1.57855,189
1.56277,189
1.54714,189
1.53167,189
1.51635,189
1.50119,189
1.48617,189
1.47131,189
1.45660,189
1.44203,189
1.42761,189
1.41334,189
1.39920,189
1.38521,189
1.37136,189
1.35765,189
1.34407,189
1.33063,189
1.31732,189
1.30415,189
1.29111,189
1.27820,189
1.26541,189
1.25276,189
1.24023,189
1.22783,189
1.21555,189
1.20340,189
1.19136,189
1.17945,189
1.16765,189
1.15598,189
1.14442,189
1.13297,189
1.12164,189
1.11043,189
1.09932,189
1.08833,189
1.07745,189
1.06667,189
1.05601,189
1.04545,189
1.03499,189
1.02464,189
1.01440,189
1.00425,189
0.99421,189
0.98427,189
0.97442,189
0.96468,189
0.95503,189
0.94548,189
0.93603,189
0.92667,189
0.91740,189
0.90823,189
0.89914,189
0.89015,189
0.88125,189
0.87244,189
0.86372,189
0.85508,189
0.84653,189
0.83806,189
0.82968,189
0.82138,189
0.81317,189
0.80504,189
0.79699,189
0.78902,189
0.78113,189
0.77332,189
0.76558,189
0.75793,189
0.75035,189
0.74285,189
0.73542,189
0.72806,189
0.72078,189
0.71357,189
0.70644,189
0.69937,189
0.69238,189
0.68546,189
0.67860,189
0.67182,189
0.66510,189
0.65845,189
0.65186,189
0.64534,189
0.63889,189
0.63250,189
0.62618,189
0.61991,189
0.61372,189
0.60758,189
0.60150,189
0.59549,189
0.58953,189
0.58364,189
0.57780,189
0.57202,189
0.56630,189
0.56064,189
0.55503,189
0.54948,189
0.54399,189
0.53855,189
0.53316,189
0.52783,189
0.52255,189
0.51733,189
0.51215,189
0.50703,189
0.50196,189
0.49694,189
0.49197,189
0.48705,189
0.48218,189
0.47736,189
0.47259,189
0.46786,189
0.46318,189
0.45855,189
0.45397,189
0.44943,189
0.44493,189
0.44048,189
0.43608,189
0.43172,189
0.42740,189
0.42313,189
0.41889,189
0.41471,189
0.41056,189
0.40645,189
0.40239,189
0.39836,189
0.39438,189
0.39044,189
0.38653,189
0.38267,189
0.37884,189
0.37505,189
0.37130,189
0.36759,189
0.36391,189
0.36027,189
0.35667,189
0.35310,189
0.34957,189
0.34608,189
0.34262,189
0.33919,189
0.33580,189
0.33244,189
0.32912,189
0.32583,189
0.32257,189
0.31934,189
0.31615,189
0.31299,189
0.30986,189
0.30676,189
0.30369,189
0.30065,189
0.29765,189
0.29467,189
0.29172,189
0.28881,189
0.28592,189
0.28306,189
0.28023,189
0.27743,189
0.27465,189
0.27191,189
0.26919,189
0.26649,189
0.26383,189
0.26119,189
0.25858,189
0.25599,189
0.25343,189
0.25090,189
0.24839,189
0.24591,189
0.24345,189
0.24101,189
0.23860,189
0.23622,189
0.23385,189
0.23152,189
0.22920,189
0.22691,189
0.22464,189
0.22239,189
0.22017,189
0.21797,189
0.21579,189
0.21363,189
0.21149,189
0.20938,189
0.20729,189
0.20521,189
0.20316,189
0.20113,189
0.19912,189
0.19713,189
0.19516,189
0.19320,189
0.19127,189
0.18936,189
0.18747,189
0.18559,189
0.18373,189
0.18190,189
0.18008,189
0.17828,189
0.17649,189
0.17473,189
0.17298,189
0.17125,189
0.16954,189
0.16784,189
0.16617,189
0.16450,189
0.16286,189
0.16123,189
0.15962,189
0.15802,189
0.15644,189
0.15488,189
0.15333,189
0.15180,189
0.15028,189
0.14878,189
0.14729,189
0.14581,189
0.14436,189
0.14291,189
0.14148,189
0.14007,189
0.13867,189
0.13728,189
0.13591,189
0.13455,189
0.13320,189
0.13187,189
0.13055,189
0.12925,189
0.12796,189
0.12668,189
0.12541,189
0.12415,189
0.12291,189
0.12168,189
0.12047,189
0.11926,189
0.11807,189
0.11689,189
0.11572,189
0.11456,189
0.11342,189
0.11228,189
0.11116,189
0.11005,189
0.10895,189
0.10786,189
0.10678,189
0.10571,189
0.10466,189
0.10361,189
0.10257,189
0.10155,189
0.10053,189
