temperatura,makespan
10000.00000,4546
9900.00000,390
9801.00000,407
9702.99023,368
9605.95996,416
9509.90039,417
9414.80176,356
9320.65430,349
9227.44824,366
9135.17383,428
9043.82227,368
8953.38379,345
8863.84961,332
8775.21094,335
8687.45898,451
8600.58496,359
8514.57910,332
8429.43359,390
8345.13965,377
8261.68848,430
8179.07178,400
8097.28125,400
8016.30859,390
7936.14551,402
7856.78418,420
7778.21631,425
7700.43408,406
7623.42969,395
7547.19531,459
7471.72363,423
7397.00635,415
7323.03613,405
7249.80566,402
7177.30762,451
7105.53467,381
7034.47949,424
6964.13477,377
6894.49365,413
6825.54883,376
6757.29346,414
6689.72070,444
6622.82373,394
6556.59570,379
6491.02979,500
6426.11963,391
6361.85840,477
6298.23975,413
6235.25732,411
6172.90479,432
6111.17578,501
6050.06396,423
5989.56348,415
5929.66797,414
5870.37158,428
5811.66797,405
5753.55127,424
5696.01562,428
5639.05566,497
5582.66504,474
5526.83838,395
5471.56982,391
5416.85400,387
5362.68555,404
5309.05859,442
5255.96826,432
5203.40869,426
5151.37451,445
5099.86084,431
5048.86230,410
4998.37354,403
4948.38965,391
4898.90576,426
4849.91699,397
4801.41797,348
4753.40381,371
4705.86963,344
4658.81104,324
4612.22314,322
4566.10107,365
4520.43994,344
4475.23535,333
4430.48291,388
4386.17822,348
4342.31641,319
4298.89307,302
4255.90430,303
4213.34521,297
4171.21191,320
4129.50000,365
4088.20508,376
4047.32300,356
4006.84985,387
3966.78149,351
3927.11377,391
3887.84277,356
3848.96436,337
3810.47485,382
3772.37012,368
3734.64648,364
3697.30005,361
3660.32715,410
3623.72388,373
3587.48657,359
3551.61182,356
3516.09570,347
3480.93481,355
3446.12549,450
3411.66431,420
3377.54761,415
3343.77222,395
3310.33447,439
3277.23120,361
3244.45898,372
3212.01440,397
3179.89429,412
3148.09546,391
3116.61450,430
3085.44849,412
3054.59399,395
3024.04810,356
2993.80762,341
2963.86963,406
2934.23096,310
2904.88867,307
2875.83984,307
2847.08154,300
2818.61084,300
2790.42480,301
2762.52051,361
2734.89526,357
2707.54639,375
2680.47095,382
2653.66626,423
2627.12964,336
2600.85840,335
2574.84985,333
2549.10132,316
2523.61035,331
2498.37427,318
2473.39062,318
2448.65674,339
2424.17017,375
2399.92847,353
2375.92920,328
2352.16992,333
2328.64819,365
2305.36182,333
2282.30811,311
2259.48511,303
2236.89038,374
2214.52148,372
2192.37622,400
2170.45239,351
2148.74780,351
2127.26025,395
2105.98779,333
2084.92798,325
2064.07861,420
2043.43787,405
2023.00354,356
2002.77356,346
1982.74585,408
1962.91846,343
1943.28931,367
1923.85645,384
1904.61792,336
1885.57178,325
1866.71606,325
1848.04895,314
1829.56848,312
1811.27283,310
1793.16016,308
1775.22852,334
1757.47620,322
1739.90149,341
1722.50244,360
1705.27747,351
1688.22473,335
1671.34253,333
1654.62915,328
1638.08289,315
1621.70203,301
1605.48499,298
1589.43018,295
1573.53589,352
1557.80054,342
1542.22253,308
1526.80029,321
1511.53235,289
1496.41699,319
1481.45288,288
1466.63831,287
1451.97192,330
1437.45227,291
1423.07776,280
1408.84705,329
1394.75854,360
1380.81091,400
1367.00281,362
1353.33276,332
1339.79944,333
1326.40149,356
1313.13745,342
1300.00610,333
1287.00610,313
1274.13611,308
1261.39478,332
1248.78088,392
1236.29309,366
1223.93018,396
1211.69092,371
1199.57397,318
1187.57825,324
1175.70251,308
1163.94556,308
1152.30615,300
1140.78308,312
1129.37524,300
1118.08154,298
1106.90076,300
1095.83179,296
1084.87354,292
1074.02478,296
1063.28455,353
1052.65173,366
1042.12524,300
1031.70398,292
1021.38696,292
1011.17310,285
1001.06140,332
991.05078,311
981.14026,352
971.32886,311
961.61560,297
951.99945,282
942.47949,279
933.05469,271
923.72412,319
914.48688,268
905.34204,296
896.28864,296
887.32574,296
878.45251,308
869.66797,267
860.97131,261
852.36163,259
843.83801,272
835.39966,249
827.04565,275
818.77521,305
810.58746,259
802.48157,249
794.45679,302
786.51221,313
778.64709,313
770.86066,311
763.15204,302
755.52051,318
747.96533,313
740.48566,286
733.08081,271
725.75000,302
718.49249,307
711.30756,288
704.19446,321
697.15253,307
690.18103,304
683.27924,278
676.44647,299
669.68201,279
662.98517,290
656.35535,294
649.79181,292
643.29388,279
636.86096,294
630.49237,328
624.18744,292
617.94556,290
611.76611,330
605.64844,296
599.59198,292
593.59607,284
587.66010,284
581.78351,256
575.96570,248
570.20605,292
564.50403,248
558.85901,270
553.27045,292
547.73773,294
542.26038,305
536.83777,292
531.46942,283
526.15472,288
520.89319,260
515.68427,292
510.52744,290
505.42218,292
500.36795,248
495.36429,248
490.41064,271
485.50653,279
480.65146,279
475.84494,247
471.08649,245
466.37564,294
461.71188,288
457.09476,299
452.52380,294
447.99857,260
443.51859,279
439.08340,267
434.69257,288
430.34564,288
426.04218,275
421.78177,282
417.56396,271
413.38834,270
409.25446,245
405.16193,302
401.11032,270
397.09921,302
393.12823,260
389.19696,302
385.30499,260
381.45193,245
377.63742,282
373.86105,267
370.12244,282
366.42120,302
362.75699,294
359.12943,282
355.53815,290
351.98276,294
348.46292,288
344.97830,260
341.52853,299
338.11325,292
334.73212,288
331.38480,245
328.07095,275
324.79025,282
321.54236,299
318.32693,292
315.14368,294
311.99225,270
308.87231,294
305.78360,267
302.72577,278
299.69852,275
296.70154,278
293.73453,288
290.79718,260
287.88922,267
285.01035,290
282.16025,282
279.33865,294
276.54526,288
273.77982,271
271.04202,283
268.33160,288
265.64828,299
262.99179,275
260.36188,282
257.75827,271
255.18069,260
252.62889,267
250.10260,292
247.60158,290
245.12556,294
242.67432,270
240.24757,288
237.84511,290
235.46666,292
233.11200,270
230.78088,275
228.47308,267
226.18835,282
223.92647,260
221.68721,260
219.47034,278
217.27563,275
215.10287,294
212.95184,282
210.82233,302
208.71411,288
206.62697,290
204.56070,267
202.51509,294
200.48994,302
198.48505,275
196.50020,288
194.53520,288
192.58986,282
190.66396,278
188.75732,267
186.86975,290
185.00105,282
183.15105,278
181.31953,282
179.50635,290
177.71129,260
175.93417,245
174.17484,288
172.43309,290
170.70876,288
169.00166,279
167.31165,288
165.63853,290
163.98215,294
162.34233,294
160.71890,288
159.11171,290
157.52060,275
155.94539,282
154.38594,279
152.84209,292
151.31367,288
149.80054,288
148.30254,302
146.81952,283
145.35132,267
143.89781,270
142.45883,302
141.03424,299
139.62390,288
138.22766,290
136.84538,294
135.47693,275
134.12216,282
132.78094,290
131.45314,294
130.13861,282
128.83722,260
127.54885,260
126.27336,260
125.01063,299
123.76052,279
122.52292,299
121.29769,270
120.08472,267
118.88387,278
117.69504,275
116.51809,292
115.35291,302
114.19939,294
113.05740,302
111.92683,283
110.80756,260
109.69948,260
108.60249,260
107.51646,283
106.44130,270
105.37688,260
104.32312,282
103.27989,292
102.24709,267
101.22462,260
100.21238,294
99.21026,290
98.21815,279
97.23598,260
96.26362,302
95.30098,294
94.34797,288
93.40449,267
92.47044,267
91.54574,278
90.63028,279
89.72398,278
88.82674,282
87.93847,292
87.05908,290
86.18849,278
85.32661,302
84.47334,294
83.62861,288
82.79232,271
81.96440,271
81.14476,267
80.33331,302
79.52998,270
78.73469,282
77.94734,288
77.16787,299
76.39619,294
75.63223,245
74.87591,245
74.12715,245
73.38588,267
72.65202,267
71.92551,294
71.20625,282
70.49419,282
69.78925,290
69.09136,271
68.40045,294
67.71645,290
67.03928,294
66.36889,282
65.70520,294
65.04815,275
64.39767,275
63.75369,267
63.11616,282
62.48500,279
61.86015,282
61.24154,288
60.62913,294
60.02284,260
59.42261,260
58.82838,260
58.24010,260
57.65770,260
57.08112,290
56.51031,299
55.94521,302
55.38576,290
54.83190,282
54.28358,282
53.74075,302
53.20334,290
52.67131,290
52.14460,267
51.62315,271
51.10692,245
50.59585,245
50.08989,278
49.58899,270
49.09310,245
48.60217,245
48.11615,245
47.63499,245
47.15864,283
46.68706,267
46.22019,245
45.75799,245
45.30041,271
44.84740,271
44.39893,271
43.95494,245
43.51539,245
43.08024,245
42.64944,245
42.22294,245
41.80071,282
41.38271,282
40.96888,271
40.55919,282
40.15360,282
39.75207,270
39.35455,279
38.96100,279
38.57139,267
38.18568,267
37.80383,260
37.42579,292
37.05153,267
36.68102,278
36.31421,245
35.95107,260
35.59156,260
35.23565,260
34.88329,260
34.53446,279
34.18911,290
33.84722,288
33.50875,270
33.17366,267
32.84193,290
32.51351,288
32.18837,288
31.86649,299
31.54782,292
31.23235,282
30.92002,279
30.61082,270
30.30472,294
30.00167,279
29.70165,283
29.40464,290
29.11059,260
28.81948,278
28.53129,282
28.24598,271
27.96352,271
27.68388,270
27.40705,260
27.13297,260
26.86164,260
26.59303,260
26.32710,260
26.06383,270
25.80319,282
25.54516,260
25.28971,260
25.03681,260
24.78644,288
24.53858,290
24.29319,271
24.05026,282
23.80976,278
23.57166,299
23.33594,270
23.10258,278
22.87156,275
22.64284,282
22.41641,270
22.19225,270
21.97033,279
21.75063,292
21.53312,271
21.31779,279
21.10461,288
20.89356,270
20.68463,283
20.47778,275
20.27301,275
20.07028,282
19.86957,290
19.67088,294
19.47417,294
19.27943,282
19.08663,282
18.89577,267
18.70681,282
18.51974,282
18.33454,294
18.15120,283
17.96969,283
17.78999,270
17.61209,270
17.43597,282
17.26161,278
17.08899,282
16.91810,282
16.74892,279
16.58143,283
16.41562,283
16.25146,275
16.08895,282
15.92806,294
15.76878,267
15.61109,267
15.45498,267
15.30043,245
15.14743,245
14.99595,245
14.84599,245
14.69753,245
14.55056,245
14.40505,245
14.26100,245
14.11839,245
13.97721,245
13.83744,290
13.69906,294
13.56207,275
13.42645,260
13.29219,260
13.15927,260
13.02767,260
12.89740,260
12.76842,260
12.64074,260
12.51433,260
12.38919,260
12.26530,260
12.14264,260
12.02122,260
11.90100,260
11.78199,260
11.66418,260
11.54753,260
11.43206,260
11.31774,260
11.20456,260
11.09251,260
10.98159,245
10.87177,245
10.76306,271
10.65543,278
10.54887,279
10.44338,279
10.33895,294
10.23556,283
10.13320,260
10.03187,260
9.93155,290
9.83224,290
9.73391,271
9.63658,271
9.54021,271
9.44481,271
9.35036,245
9.25686,260
9.16429,260
9.07265,260
8.98192,260
8.89210,260
8.80318,260
8.71515,260
8.62800,267
8.54172,267
8.45630,267
8.37174,267
8.28802,267
8.20514,270
8.12309,270
8.04186,270
7.96144,270
7.88182,270
7.80301,245
7.72498,245
7.64773,245
7.57125,245
7.49554,245
7.42058,245
7.34638,245
7.27291,245
7.20018,245
7.12818,245
7.05690,245
6.98633,245
6.91647,245
6.84730,245
6.77883,245
6.71104,245
6.64393,245
6.57749,245
6.51172,245
6.44660,245
6.38213,245
6.31831,245
6.25513,245
6.19258,245
6.13065,245
6.06935,245
6.00865,245
5.94857,245
5.88908,245
5.83019,245
5.77189,245
5.71417,245
5.65703,245
5.60046,245
5.54445,245
5.48901,270
5.43412,270
5.37978,270
5.32598,270
5.27272,270
5.21999,270
5.16779,270
5.11611,270
5.06495,270
5.01430,270
4.96416,270
4.91452,270
4.86537,270
4.81672,270
4.76855,270
4.72087,270
4.67366,270
4.62692,270
4.58065,283
4.53485,283
4.48950,283
4.44460,267
4.40016,267
4.35616,267
4.31259,267
4.26947,267
4.22677,267
4.18451,267
4.14266,267
4.10123,267
4.06022,267
4.01962,267
3.97942,267
3.93963,267
3.90023,267
3.86123,267
3.82262,245
3.78439,245
3.74655,245
3.70908,245
3.67199,245
3.63527,245
3.59892,245
3.56293,245
3.52730,245
3.49203,245
3.45711,245
3.42254,245
3.38831,245
3.35443,245
3.32088,245
3.28768,245
3.25480,245
3.22225,245
3.19003,245
3.15813,245
3.12655,245
3.09528,245
3.06433,245
3.03369,245
3.00335,245
2.97332,245
2.94358,245
2.91415,245
2.88500,245
2.85615,245
2.82759,245
2.79932,245
2.77132,245
2.74361,245
2.71617,245
2.68901,245
2.66212,245
2.63550,245
2.60915,245
2.58306,245
2.55722,245
2.53165,245
2.50634,245
2.48127,245
2.45646,245
2.43190,245
2.40758,245
2.38350,245
2.35967,245
2.33607,245
2.31271,245
2.28958,245
2.26669,245
2.24402,245
2.22158,245
2.19936,245
2.17737,245
2.15560,245
2.13404,245
2.11270,245
2.09157,245
2.07066,245
2.04995,245
2.02945,245
2.00916,245
1.98906,245
1.96917,245
1.94948,245
1.92999,245
1.91069,245
1.89158,245
1.87267,245
1.85394,245
1.83540,245
1.81705,245
1.79887,245
1.78089,245
1.76308,245
1.74545,245
1.72799,245
1.71071,245
1.69361,245
1.67667,245
1.65990,245
1.64330,245
1.62687,245
1.61060,245
1.59450,245
1.57855,245
1.56277,245
1.54714,245
1.53167,245
1.51635,245
1.50119,245
1.48617,245
1.47131,245
1.45660,245
1.44203,245
1.42761,245
1.41334,245
1.39920,245
1.38521,245
1.37136,245
1.35765,245
1.34407,245
1.33063,245
1.31732,245
1.30415,245
1.29111,245
1.27820,245
1.26541,245
1.25276,245
1.24023,245
1.22783,245
1.21555,245
1.20340,245
1.19136,245
1.17945,245
1.16765,245
1.15598,245
1.14442,245
1.13297,245
1.12164,245
1.11043,245
1.09932,245
1.08833,245
1.07745,245
1.06667,245
1.05601,245
1.04545,245
1.03499,245
1.02464,245
1.01440,245
1.00425,245
0.99421,245
0.98427,245
0.97442,245
0.96468,245
0.95503,245
0.94548,245
0.93603,245
0.92667,245
0.91740,245
0.90823,245
0.89914,245
0.89015,245
0.88125,245
0.87244,245
0.86372,245
0.85508,245
0.84653,245
0.83806,245
0.82968,245
0.82138,245
0.81317,245
0.80504,245
0.79699,245
0.78902,245
0.78113,245
0.77332,245
0.76558,245
0.75793,245
0.75035,245
0.74285,245
0.73542,245
0.72806,245
0.72078,245
0.71357,245
0.70644,245
0.69937,245
0.69238,245
0.68546,245
0.67860,245
0.67182,245
0.66510,245
0.65845,245
0.65186,245
0.64534,245
0.63889,245
0.63250,245
0.62618,245
0.61991,245
0.61372,245
0.60758,245
0.60150,245
0.59549,245
0.58953,245
0.58364,245
0.57780,245
0.57202,245
0.56630,245
0.56064,245
0.55503,245
0.54948,245
0.54399,245
0.53855,245
0.53316,245
0.52783,245
0.52255,245
0.51733,245
0.51215,245
0.50703,245
0.50196,245
0.49694,245
0.49197,245
0.48705,245
0.48218,245
0.47736,245
0.47259,245
0.46786,245
0.46318,245
0.45855,245
0.45397,245
0.44943,245
0.44493,245
0.44048,245
0.43608,245
0.43172,245
0.42740,245
0.42313,245
0.41889,245
0.41471,245
0.41056,245
0.40645,245
0.40239,245
0.39836,245
0.39438,245
0.39044,245
0.38653,245
0.38267,245
0.37884,245
0.37505,245
0.37130,245
0.36759,245
0.36391,245
0.36027,245
0.35667,245
0.35310,245
0.34957,245
0.34608,245
0.34262,245
0.33919,245
0.33580,245
0.33244,245
0.32912,245
0.32583,245
0.32257,245
0.31934,245
0.31615,245
0.31299,245
0.30986,245
0.30676,245
0.30369,245
0.30065,245
0.29765,245
0.29467,245
0.29172,245
0.28881,245
0.28592,245
0.28306,245
0.28023,245
0.27743,245
0.27465,245
0.27191,245
0.26919,245
0.26649,245
0.26383,245
0.26119,245
0.25858,245
0.25599,245
0.25343,245
0.25090,245
0.24839,245
0.24591,245
0.24345,245
0.24101,245
0.23860,245
0.23622,245
0.23385,245
0.23152,245
0.22920,245
0.22691,245
0.22464,245
0.22239,245
0.22017,245
0.21797,245
0.21579,245
0.21363,245
0.21149,245
0.20938,245
0.20729,245
0.20521,245
0.20316,245
0.20113,245
0.19912,245
0.19713,245
0.19516,245
0.19320,245
0.19127,245
0.18936,245
0.18747,245
0.18559,245
0.18373,245
0.18190,245
0.18008,245
0.17828,245
0.17649,245
0.17473,245
0.17298,245
0.17125,245
0.16954,245
0.16784,245
0.16617,245
0.16450,245
0.16286,245
0.16123,245
0.15962,245
0.15802,245
0.15644,245
0.15488,245
0.15333,245
0.15180,245
0.15028,245
0.14878,245
0.14729,245
0.14581,245
0.14436,245
0.14291,245
0.14148,245
0.14007,245
0.13867,245
0.13728,245
0.13591,245
0.13455,245
0.13320,245
0.13187,245
0.13055,245
0.12925,245
0.12796,245
0.12668,245
0.12541,245
0.12415,245
0.12291,245
0.12168,245
0.12047,245
0.11926,245
0.11807,245
0.11689,245
0.11572,245
0.11456,245
0.11342,245
0.11228,245
0.11116,245
0.11005,245
0.10895,245
0.10786,245
0.10678,245
0.10571,245
0.10466,245
0.10361,245
0.10257,245
0.10155,245
0.10053,245
