temperatura,makespan
10000.00000,127877
9900.00000,3365
9801.00000,3363
9702.99023,3232
9605.95996,3198
9509.90039,3184
9414.80176,3211
9320.65430,3242
9227.44824,3184
9135.17383,3181
9043.82227,3186
8953.38379,3201
8863.84961,3167
8775.21094,3210
8687.45898,3092
8600.58496,3085
8514.57910,3078
8429.43359,3009
8345.13965,3016
8261.68848,2976
8179.07178,2938
8097.28125,2932
8016.30859,2941
7936.14551,2945
7856.78418,2947
7778.21631,2973
7700.43408,2940
7623.42969,3024
7547.19531,2951
7471.72363,2933
7397.00635,2949
7323.03613,2903
7249.80566,2893
7177.30762,2870
7105.53467,2864
7034.47949,2945
6964.13477,2847
6894.49365,2830
6825.54883,2831
6757.29346,2829
6689.72070,2823
6622.82373,2821
6556.59570,2856
6491.02979,2804
6426.11963,2779
6361.85840,2775
6298.23975,2820
6235.25732,2784
6172.90479,2844
6111.17578,2773
6050.06396,2759
5989.56348,2758
5929.66797,2795
5870.37158,2796
5811.66797,2808
5753.55127,2762
5696.01562,2773
5639.05566,2753
5582.66504,2748
5526.83838,2744
5471.56982,2736
5416.85400,2735
5362.68555,2742
5309.05859,2734
5255.96826,2816
5203.40869,2772
5151.37451,2811
5099.86084,2752
5048.86230,2745
4998.37354,2787
4948.38965,2742
4898.90576,2781
4849.91699,2807
4801.41797,2836
4753.40381,2793
4705.86963,2771
4658.81104,2745
4612.22314,2747
4566.10107,2744
4520.43994,2742
4475.23535,2749
4430.48291,2800
4386.17822,2776
4342.31641,2781
4298.89307,2802
4255.90430,2741
4213.34521,2739
4171.21191,2738
4129.50000,2753
4088.20508,2737
4047.32300,2767
4006.84985,2725
3966.78149,2781
3927.11377,2737
3887.84277,2720
3848.96436,2800
3810.47485,2747
3772.37012,2823
3734.64648,2769
3697.30005,2763
3660.32715,2759
3623.72388,2790
3587.48657,2787
3551.61182,2771
3516.09570,2762
3480.93481,2778
3446.12549,2772
3411.66431,2733
3377.54761,2788
3343.77222,2782
3310.33447,2733
3277.23120,2733
3244.45898,2758
3212.01440,2775
3179.89429,2766
3148.09546,2717
3116.61450,2714
3085.44849,2770
3054.59399,2718
3024.04810,2704
2993.80762,2760
2963.86963,2706
2934.23096,2729
2904.88867,2759
2875.83984,2695
2847.08154,2716
2818.61084,2740
2790.42480,2715
2762.52051,2714
2734.89526,2720
2707.54639,2701
2680.47095,2695
2653.66626,2728
2627.12964,2691
2600.85840,2748
2574.84985,2685
2549.10132,2682
2523.61035,2688
2498.37427,2759
2473.39062,2758
2448.65674,2697
2424.17017,2713
2399.92847,2713
2375.92920,2713
2352.16992,2706
2328.64819,2696
2305.36182,2749
2282.30811,2757
2259.48511,2804
2236.89038,2719
2214.52148,2716
2192.37622,2712
2170.45239,2725
2148.74780,2706
2127.26025,2706
2105.98779,2705
2084.92798,2729
2064.07861,2783
2043.43787,2739
2023.00354,2753
2002.77356,2721
1982.74585,2767
1962.91846,2750
1943.28931,2799
1923.85645,2776
1904.61792,2746
1885.57178,2721
1866.71606,2730
1848.04895,2792
1829.56848,2776
1811.27283,2781
1793.16016,2765
1775.22852,2751
1757.47620,2730
1739.90149,2716
1722.50244,2764
1705.27747,2762
1688.22473,2735
1671.34253,2715
1654.62915,2785
1638.08289,2746
1621.70203,2788
1605.48499,2714
1589.43018,2758
1573.53589,2747
1557.80054,2724
1542.22253,2712
1526.80029,2723
1511.53235,2725
1496.41699,2773
1481.45288,2781
1466.63831,2794
1451.97192,2775
1437.45227,2744
1423.07776,2705
1408.84705,2770
1394.75854,2732
1380.81091,2744
1367.00281,2712
1353.33276,2704
1339.79944,2744
1326.40149,2731
1313.13745,2723
1300.00610,2721
1287.00610,2741
1274.13611,2694
1261.39478,2689
1248.78088,2751
1236.29309,2722
1223.93018,2729
1211.69092,2713
1199.57397,2709
1187.57825,2757
1175.70251,2726
1163.94556,2693
1152.30615,2702
1140.78308,2684
1129.37524,2684
1118.08154,2683
1106.90076,2681
1095.83179,2726
1084.87354,2682
1074.02478,2678
1063.28455,2696
1052.65173,2755
1042.12524,2775
1031.70398,2706
1021.38696,2771
1011.17310,2742
1001.06140,2716
991.05078,2694
981.14026,2750
971.32886,2740
961.61560,2764
951.99945,2714
942.47949,2723
933.05469,2690
923.72412,2739
914.48688,2708
905.34204,2711
896.28864,2704
887.32574,2712
878.45251,2707
869.66797,2748
860.97131,2704
852.36163,2685
843.83801,2698
835.39966,2681
827.04565,2703
818.77521,2719
810.58746,2688
802.48157,2723
794.45679,2691
786.51221,2678
778.64709,2715
770.86066,2747
763.15204,2699
755.52051,2772
747.96533,2715
740.48566,2706
733.08081,2761
725.75000,2726
718.49249,2739
711.30756,2721
704.19446,2771
697.15253,2733
690.18103,2814
683.27924,2717
676.44647,2719
669.68201,2712
662.98517,2793
656.35535,2710
649.79181,2695
643.29388,2708
636.86096,2734
630.49237,2689
624.18744,2673
617.94556,2686
611.76611,2673
605.64844,2680
599.59198,2672
593.59607,2671
587.66010,2687
581.78351,2688
575.96570,2717
570.20605,2718
564.50403,2713
558.85901,2691
553.27045,2686
547.73773,2677
542.26038,2669
536.83777,2716
531.46942,2666
526.15472,2708
520.89319,2688
515.68427,2683
510.52744,2751
505.42218,2671
500.36795,2719
495.36429,2738
490.41064,2697
485.50653,2690
480.65146,2661
475.84494,2697
471.08649,2659
466.37564,2722
461.71188,2727
457.09476,2686
452.52380,2671
447.99857,2653
443.51859,2721
439.08340,2669
434.69257,2686
430.34564,2726
426.04218,2683
421.78177,2737
417.56396,2713
413.38834,2706
409.25446,2692
405.16193,2679
401.11032,2702
397.09921,2673
393.12823,2675
389.19696,2669
385.30499,2663
381.45193,2658
377.63742,2643
373.86105,2642
370.12244,2705
366.42120,2736
362.75699,2690
359.12943,2640
355.53815,2640
351.98276,2705
348.46292,2707
344.97830,2690
341.52853,2676
338.11325,2676
334.73212,2683
331.38480,2720
328.07095,2713
324.79025,2672
321.54236,2677
318.32693,2692
315.14368,2666
311.99225,2721
308.87231,2713
305.78360,2690
302.72577,2702
299.69852,2697
296.70154,2672
293.73453,2702
290.79718,2707
287.88922,2687
285.01035,2671
282.16025,2708
279.33865,2751
276.54526,2703
273.77982,2718
271.04202,2721
268.33160,2678
265.64828,2664
262.99179,2716
260.36188,2657
257.75827,2675
255.18069,2727
252.62889,2690
250.10260,2730
247.60158,2727
245.12556,2719
242.67432,2692
240.24757,2732
237.84511,2778
235.46666,2742
233.11200,2701
230.78088,2718
228.47308,2679
226.18835,2684
223.92647,2703
221.68721,2701
219.47034,2677
217.27563,2674
215.10287,2727
212.95184,2674
210.82233,2673
208.71411,2666
206.62697,2666
204.56070,2691
202.51509,2682
200.48994,2666
198.48505,2745
196.50020,2740
194.53520,2725
192.58986,2716
190.66396,2775
188.75732,2729
186.86975,2737
185.00105,2734
183.15105,2751
181.31953,2721
179.50635,2697
177.71129,2689
175.93417,2681
174.17484,2768
172.43309,2728
170.70876,2724
169.00166,2700
167.31165,2679
165.63853,2724
163.98215,2679
162.34233,2674
160.71890,2672
159.11171,2663
157.52060,2720
155.94539,2719
154.38594,2756
152.84209,2763
151.31367,2840
149.80054,2779
148.30254,2759
146.81952,2724
145.35132,2704
143.89781,2704
142.45883,2737
141.03424,2712
139.62390,2691
138.22766,2871
136.84538,2727
135.47693,2712
134.12216,2740
132.78094,2739
131.45314,2778
130.13861,2698
128.83722,2709
127.54885,2696
126.27336,2726
125.01063,2685
123.76052,2676
122.52292,2675
121.29769,2664
120.08472,2668
118.88387,2664
117.69504,2691
116.51809,2666
115.35291,2700
114.19939,2679
113.05740,2653
111.92683,2699
110.80756,2728
109.69948,2687
108.60249,2705
107.51646,2678
106.44130,2708
105.37688,2650
104.32312,2647
103.27989,2643
102.24709,2656
101.22462,2666
100.21238,2668
99.21026,2690
98.21815,2708
97.23598,2647
96.26362,2637
95.30098,2636
94.34797,2698
93.40449,2713
92.47044,2733
91.54574,2716
90.63028,2676
89.72398,2667
88.82674,2674
87.93847,2751
87.05908,2663
86.18849,2670
85.32661,2677
84.47334,2657
83.62861,2656
82.79232,2689
81.96440,2661
81.14476,2642
80.33331,2666
79.52998,2637
78.73469,2637
77.94734,2636
77.16787,2711
76.39619,2666
75.63223,2709
74.87591,2706
74.12715,2675
73.38588,2711
72.65202,2727
71.92551,2697
71.20625,2657
70.49419,2643
69.78925,2642
69.09136,2642
68.40045,2660
67.71645,2654
67.03928,2666
66.36889,2665
65.70520,2704
65.04815,2661
64.39767,2715
63.75369,2685
63.11616,2712
62.48500,2709
61.86015,2697
61.24154,2715
60.62913,2665
60.02284,2649
59.42261,2699
58.82838,2664
58.24010,2645
57.65770,2649
57.08112,2645
56.51031,2671
55.94521,2666
55.38576,2675
54.83190,2688
54.28358,2707
53.74075,2696
53.20334,2665
52.67131,2676
52.14460,2701
51.62315,2663
51.10692,2697
50.59585,2686
50.08989,2679
49.58899,2682
49.09310,2674
48.60217,2720
48.11615,2694
47.63499,2711
47.15864,2681
46.68706,2673
46.22019,2675
45.75799,2643
45.30041,2701
44.84740,2679
44.39893,2662
43.95494,2738
43.51539,2668
43.08024,2674
42.64944,2660
42.22294,2654
41.80071,2663
41.38271,2647
40.96888,2642
40.55919,2725
40.15360,2675
39.75207,2729
39.35455,2664
38.96100,2687
38.57139,2682
38.18568,2697
37.80383,2666
37.42579,2649
37.05153,2648
36.68102,2647
36.31421,2645
35.95107,2684
35.59156,2695
35.23565,2653
34.88329,2640
34.53446,2658
34.18911,2668
33.84722,2685
33.50875,2657
33.17366,2705
32.84193,2731
32.51351,2694
32.18837,2640
31.86649,2639
31.54782,2638
31.23235,2638
30.92002,2653
30.61082,2664
30.30472,2700
30.00167,2682
29.70165,2637
29.40464,2700
29.11059,2636
28.81948,2680
28.53129,2649
28.24598,2636
27.96352,2635
27.68388,2627
27.40705,2627
27.13297,2625
26.86164,2635
26.59303,2624
26.32710,2654
26.06383,2624
25.80319,2619
25.54516,2615
25.28971,2648
25.03681,2659
24.78644,2624
24.53858,2673
24.29319,2674
24.05026,2669
23.80976,2673
23.57166,2661
23.33594,2706
23.10258,2753
22.87156,2678
22.64284,2693
22.41641,2673
22.19225,2679
21.97033,2674
21.75063,2658
21.53312,2726
21.31779,2690
21.10461,2688
20.89356,2720
20.68463,2724
20.47778,2770
20.27301,2792
20.07028,2698
19.86957,2675
19.67088,2695
19.47417,2675
19.27943,2717
19.08663,2713
18.89577,2690
18.70681,2717
18.51974,2683
18.33454,2705
18.15120,2667
17.96969,2653
17.78999,2649
17.61209,2653
17.43597,2643
17.26161,2642
17.08899,2637
16.91810,2674
16.74892,2680
16.58143,2678
16.41562,2731
16.25146,2682
16.08895,2700
15.92806,2650
15.76878,2650
15.61109,2689
15.45498,2705
15.30043,2660
15.14743,2651
14.99595,2706
14.84599,2690
14.69753,2708
14.55056,2695
14.40505,2673
14.26100,2745
14.11839,2698
13.97721,2689
13.83744,2664
13.69906,2676
13.56207,2664
13.42645,2673
13.29219,2715
13.15927,2730
13.02767,2685
12.89740,2685
12.76842,2671
12.64074,2671
12.51433,2745
12.38919,2723
12.26530,2767
12.14264,2827
12.02122,2740
11.90100,2726
11.78199,2741
11.66418,2699
11.54753,2715
11.43206,2697
11.31774,2698
11.20456,2676
11.09251,2671
10.98159,2705
10.87177,2700
10.76306,2718
10.65543,2736
10.54887,2711
10.44338,2736
10.33895,2704
10.23556,2655
10.13320,2649
10.03187,2642
9.93155,2698
9.83224,2675
9.73391,2658
9.63658,2694
9.54021,2652
9.44481,2696
9.35036,2659
9.25686,2649
9.16429,2707
9.07265,2731
8.98192,2642
8.89210,2725
8.80318,2734
8.71515,2653
8.62800,2644
8.54172,2640
8.45630,2684
8.37174,2685
8.28802,2635
8.20514,2631
8.12309,2631
8.04186,2630
7.96144,2628
7.88182,2636
7.80301,2624
7.72498,2660
7.64773,2646
7.57125,2674
7.49554,2683
7.42058,2693
7.34638,2689
7.27291,2690
7.20018,2686
7.12818,2656
7.05690,2647
6.98633,2651
6.91647,2680
6.84730,2659
6.77883,2645
6.71104,2677
6.64393,2636
6.57749,2642
6.51172,2678
6.44660,2684
6.38213,2689
6.31831,2651
6.25513,2637
6.19258,2697
6.13065,2630
6.06935,2663
6.00865,2644
5.94857,2692
5.88908,2704
5.83019,2682
5.77189,2644
5.71417,2635
5.65703,2622
5.60046,2620
5.54445,2616
5.48901,2618
5.43412,2616
5.37978,2609
5.32598,2638
5.27272,2609
5.21999,2608
5.16779,2646
5.11611,2672
5.06495,2654
5.01430,2686
4.96416,2662
4.91452,2693
4.86537,2676
4.81672,2681
4.76855,2656
4.72087,2689
4.67366,2667
4.62692,2707
4.58065,2655
4.53485,2728
4.48950,2675
4.44460,2669
4.40016,2660
4.35616,2654
4.31259,2669
4.26947,2690
4.22677,2674
4.18451,2669
4.14266,2746
4.10123,2661
4.06022,2644
4.01962,2684
3.97942,2700
3.93963,2651
3.90023,2655
3.86123,2649
3.82262,2734
3.78439,2656
3.74655,2695
3.70908,2657
3.67199,2643
3.63527,2638
3.59892,2648
3.56293,2656
3.52730,2631
3.49203,2627
3.45711,2625
3.42254,2612
3.38831,2657
3.35443,2648
3.32088,2684
3.28768,2646
3.25480,2659
3.22225,2683
3.19003,2650
3.15813,2678
3.12655,2702
3.09528,2701
3.06433,2625
3.03369,2692
3.00335,2611
2.97332,2698
2.94358,2657
2.91415,2646
2.88500,2692
2.85615,2633
2.82759,2647
2.79932,2698
2.77132,2620
2.74361,2618
2.71617,2633
2.68901,2641
2.66212,2633
2.63550,2638
2.60915,2622
2.58306,2641
2.55722,2660
2.53165,2641
2.50634,2624
2.48127,2692
2.45646,2620
2.43190,2614
2.40758,2614
2.38350,2691
2.35967,2664
2.33607,2652
2.31271,2609
2.28958,2678
2.26669,2658
2.24402,2625
2.22158,2665
2.19936,2641
2.17737,2673
2.15560,2676
2.13404,2685
2.11270,2670
2.09157,2634
2.07066,2616
2.04995,2610
2.02945,2680
2.00916,2696
1.98906,2674
1.96917,2696
1.94948,2657
1.92999,2642
1.91069,2684
1.89158,2640
1.87267,2622
1.85394,2627
1.83540,2686
1.81705,2686
1.79887,2622
1.78089,2653
1.76308,2709
1.74545,2692
1.72799,2627
1.71071,2656
1.69361,2645
1.67667,2620
1.65990,2634
1.64330,2619
1.62687,2618
1.61060,2624
1.59450,2632
1.57855,2633
1.56277,2669
1.54714,2631
1.53167,2616
1.51635,2668
1.50119,2616
1.48617,2634
1.47131,2650
1.45660,2681
1.44203,2665
1.42761,2690
1.41334,2689
1.39920,2653
1.38521,2685
1.37136,2738
1.35765,2745
1.34407,2676
1.33063,2728
1.31732,2646
1.30415,2723
1.29111,2695
1.27820,2737
1.26541,2694
1.25276,2676
1.24023,2656
1.22783,2644
1.21555,2642
1.20340,2652
1.19136,2642
1.17945,2636
1.16765,2634
1.15598,2680
1.14442,2651
1.13297,2632
1.12164,2629
1.11043,2658
1.09932,2673
1.08833,2696
1.07745,2663
1.06667,2675
1.05601,2729
1.04545,2660
1.03499,2689
1.02464,2685
1.01440,2675
1.00425,2748
0.99421,2703
0.98427,2668
0.97442,2654
0.96468,2651
0.95503,2638
0.94548,2634
0.93603,2641
0.92667,2703
0.91740,2686
0.90823,2632
0.89914,2631
0.89015,2631
0.88125,2690
0.87244,2673
0.86372,2649
0.85508,2628
0.84653,2670
0.83806,2615
0.82968,2636
0.82138,2645
0.81317,2644
0.80504,2671
0.79699,2637
0.78902,2687
0.78113,2661
0.77332,2643
0.76558,2609
0.75793,2625
0.75035,2609
0.74285,2679
0.73542,2640
0.72806,2661
0.72078,2677
0.71357,2643
0.70644,2643
0.69937,2656
0.69238,2624
0.68546,2610
0.67860,2609
0.67182,2645
0.66510,2635
0.65845,2628
0.65186,2674
0.64534,2637
0.63889,2632
0.63250,2624
0.62618,2667
0.61991,2649
0.61372,2616
0.60758,2635
0.60150,2606
0.59549,2634
0.58953,2629
0.58364,2635
0.57780,2690
0.57202,2660
0.56630,2654
0.56064,2605
0.55503,2603
0.54948,2602
0.54399,2638
0.53855,2609
0.53316,2617
0.52783,2628
0.52255,2598
0.51733,2635
0.51215,2622
0.50703,2609
0.50196,2642
0.49694,2670
0.49197,2665
0.48705,2654
0.48218,2617
0.47736,2667
0.47259,2670
0.46786,2635
0.46318,2656
0.45855,2638
0.45397,2667
0.44943,2677
0.44493,2674
0.44048,2635
0.43608,2634
0.43172,2670
0.42740,2644
0.42313,2627
0.41889,2692
0.41471,2641
0.41056,2640
0.40645,2631
0.40239,2621
0.39836,2683
0.39438,2623
0.39044,2621
0.38653,2615
0.38267,2625
0.37884,2634
0.37505,2614
0.37130,2611
0.36759,2609
0.36391,2670
0.36027,2679
0.35667,2622
0.35310,2659
0.34957,2648
0.34608,2634
0.34262,2666
0.33919,2641
0.33580,2657
0.33244,2646
0.32912,2631
0.32583,2627
0.32257,2627
0.31934,2615
0.31615,2628
0.31299,2625
0.30986,2667
0.30676,2674
0.30369,2606
0.30065,2611
0.29765,2657
0.29467,2660
0.29172,2669
0.28881,2668
0.28592,2684
0.28306,2658
0.28023,2657
0.27743,2694
0.27465,2658
0.27191,2648
0.26919,2627
0.26649,2705
0.26383,2685
0.26119,2702
0.25858,2655
0.25599,2643
0.25343,2667
0.25090,2685
0.24839,2639
0.24591,2702
0.24345,2633
0.24101,2699
0.23860,2686
0.23622,2665
0.23385,2660
0.23152,2643
0.22920,2645
0.22691,2627
0.22464,2624
0.22239,2623
0.22017,2678
0.21797,2623
0.21579,2652
0.21363,2624
0.21149,2652
0.20938,2630
0.20729,2622
0.20521,2640
0.20316,2695
0.20113,2645
0.19912,2644
0.19713,2640
0.19516,2639
0.19320,2626
0.19127,2652
0.18936,2665
0.18747,2652
0.18559,2697
0.18373,2662
0.18190,2649
0.18008,2640
0.17828,2629
0.17649,2640
0.17473,2656
0.17298,2693
0.17125,2649
0.16954,2710
0.16784,2646
0.16617,2650
0.16450,2642
0.16286,2646
0.16123,2654
0.15962,2633
0.15802,2678
0.15644,2662
0.15488,2629
0.15333,2667
0.15180,2659
0.15028,2674
0.14878,2687
0.14729,2627
0.14581,2679
0.14436,2656
0.14291,2652
0.14148,2643
0.14007,2625
0.13867,2659
0.13728,2718
0.13591,2636
0.13455,2629
0.13320,2644
0.13187,2640
0.13055,2623
0.12925,2663
0.12796,2640
0.12668,2713
0.12541,2643
0.12415,2652
0.12291,2697
0.12168,2699
0.12047,2621
0.11926,2620
0.11807,2619
0.11689,2647
0.11572,2620
0.11456,2660
0.11342,2637
0.11228,2647
0.11116,2666
0.11005,2690
0.10895,2659
0.10786,2673
0.10678,2648
0.10571,2631
0.10466,2703
0.10361,2618
0.10257,2617
0.10155,2668
0.10053,2637
