temperatura,makespan
10000.00000,18321
9900.00000,729
9801.00000,691
9702.99023,679
9605.95996,708
9509.90039,590
9414.80176,580
9320.65430,578
9227.44824,569
9135.17383,564
9043.82227,617
8953.38379,573
8863.84961,622
8775.21094,585
8687.45898,573
8600.58496,631
8514.57910,607
8429.43359,617
8345.13965,646
8261.68848,725
8179.07178,745
8097.28125,747
8016.30859,576
7936.14551,570
7856.78418,568
7778.21631,622
7700.43408,615
7623.42969,599
7547.19531,589
7471.72363,611
7397.00635,590
7323.03613,590
7249.80566,646
7177.30762,645
7105.53467,675
7034.47949,656
6964.13477,599
6894.49365,596
6825.54883,656
6757.29346,686
6689.72070,665
6622.82373,703
6556.59570,692
6491.02979,734
6426.11963,719
6361.85840,687
6298.23975,740
6235.25732,654
6172.90479,651
6111.17578,671
6050.06396,665
5989.56348,643
5929.66797,686
5870.37158,663
5811.66797,650
5753.55127,643
5696.01562,657
5639.05566,703
5582.66504,685
5526.83838,671
5471.56982,666
5416.85400,740
5362.68555,728
5309.05859,732
5255.96826,675
5203.40869,667
5151.37451,740
5099.86084,755
5048.86230,721
4998.37354,709
4948.38965,671
4898.90576,667
4849.91699,664
4801.41797,666
4753.40381,748
4705.86963,719
4658.81104,669
4612.22314,721
4566.10107,650
4520.43994,683
4475.23535,693
4430.48291,767
4386.17822,690
4342.31641,747
4298.89307,716
4255.90430,695
4213.34521,736
4171.21191,681
4129.50000,666
4088.20508,683
4047.32300,735
4006.84985,755
3966.78149,662
3927.11377,652
3887.84277,650
3848.96436,694
3810.47485,719
3772.37012,732
3734.64648,763
3697.30005,754
3660.32715,762
3623.72388,786
3587.48657,926
3551.61182,734
3516.09570,727
3480.93481,765
3446.12549,709
3411.66431,862
3377.54761,714
3343.77222,696
3310.33447,758
3277.23120,791
3244.45898,705
3212.01440,701
3179.89429,728
3148.09546,704
3116.61450,681
3085.44849,709
3054.59399,745
3024.04810,751
2993.80762,679
2963.86963,679
2934.23096,676
2904.88867,679
2875.83984,730
2847.08154,746
2818.61084,760
2790.42480,718
2762.52051,733
2734.89526,721
2707.54639,796
2680.47095,769
2653.66626,786
2627.12964,766
2600.85840,854
2574.84985,799
2549.10132,769
2523.61035,883
2498.37427,815
2473.39062,762
2448.65674,757
2424.17017,731
2399.92847,760
2375.92920,766
2352.16992,757
2328.64819,744
2305.36182,735
2282.30811,781
2259.48511,805
2236.89038,773
2214.52148,857
2192.37622,729
2170.45239,780
2148.74780,795
2127.26025,779
2105.98779,759
2084.92798,753
2064.07861,703
2043.43787,703
2023.00354,688
2002.77356,683
1982.74585,718
1962.91846,778
1943.28931,724
1923.85645,745
1904.61792,699
1885.57178,730
1866.71606,712
1848.04895,698
1829.56848,703
1811.27283,816
1793.16016,759
1775.22852,777
1757.47620,746
1739.90149,808
1722.50244,735
1705.27747,731
1688.22473,705
1671.34253,715
1654.62915,715
1638.08289,701
1621.70203,707
1605.48499,698
1589.43018,712
1573.53589,735
1557.80054,706
1542.22253,763
1526.80029,694
1511.53235,702
1496.41699,747
1481.45288,690
1466.63831,689
1451.97192,694
1437.45227,752
1423.07776,758
1408.84705,753
1394.75854,749
1380.81091,742
1367.00281,709
1353.33276,770
1339.79944,730
1326.40149,748
1313.13745,691
1300.00610,755
1287.00610,712
1274.13611,828
1261.39478,756
1248.78088,733
1236.29309,766
1223.93018,829
1211.69092,749
1199.57397,783
1187.57825,778
1175.70251,756
1163.94556,671
1152.30615,709
1140.78308,670
1129.37524,719
1118.08154,671
1106.90076,802
1095.83179,769
1084.87354,730
1074.02478,729
1063.28455,731
1052.65173,796
1042.12524,811
1031.70398,719
1021.38696,741
1011.17310,824
1001.06140,773
991.05078,739
981.14026,771
971.32886,814
961.61560,784
951.99945,773
942.47949,840
933.05469,831
923.72412,781
914.48688,876
905.34204,816
896.28864,823
887.32574,782
878.45251,797
869.66797,749
860.97131,729
852.36163,748
843.83801,912
835.39966,839
827.04565,810
818.77521,792
810.58746,831
802.48157,737
794.45679,760
786.51221,801
778.64709,792
770.86066,843
763.15204,820
755.52051,802
747.96533,768
740.48566,733
733.08081,750
725.75000,804
718.49249,778
711.30756,776
704.19446,823
697.15253,793
690.18103,746
683.27924,818
676.44647,896
669.68201,852
662.98517,842
656.35535,739
649.79181,803
643.29388,891
636.86096,879
630.49237,788
624.18744,943
617.94556,768
611.76611,809
605.64844,833
599.59198,805
593.59607,776
587.66010,849
581.78351,837
575.96570,910
570.20605,794
564.50403,776
558.85901,756
553.27045,789
547.73773,743
542.26038,746
536.83777,752
531.46942,739
526.15472,806
520.89319,780
515.68427,768
510.52744,735
505.42218,733
500.36795,788
495.36429,773
490.41064,822
485.50653,770
480.65146,816
475.84494,786
471.08649,836
466.37564,863
461.71188,936
457.09476,911
452.52380,843
447.99857,849
443.51859,895
439.08340,844
434.69257,912
430.34564,920
426.04218,894
421.78177,907
417.56396,872
413.38834,887
409.25446,843
405.16193,843
401.11032,836
397.09921,810
393.12823,824
389.19696,824
385.30499,912
381.45193,808
377.63742,748
373.86105,811
370.12244,822
366.42120,797
362.75699,787
359.12943,773
355.53815,839
351.98276,759
348.46292,759
344.97830,813
341.52853,785
338.11325,846
334.73212,812
331.38480,803
328.07095,859
324.79025,776
321.54236,805
318.32693,905
315.14368,797
311.99225,854
308.87231,821
305.78360,868
302.72577,957
299.69852,781
296.70154,775
293.73453,799
290.79718,799
287.88922,760
285.01035,760
282.16025,760
279.33865,876
276.54526,786
273.77982,805
271.04202,790
268.33160,855
265.64828,884
262.99179,897
260.36188,882
257.75827,837
255.18069,829
252.62889,833
250.10260,764
247.60158,754
245.12556,754
242.67432,754
240.24757,749
237.84511,816
235.46666,799
233.11200,869
230.78088,835
228.47308,846
226.18835,773
223.92647,781
221.68721,748
219.47034,746
217.27563,784
215.10287,776
212.95184,758
210.82233,831
208.71411,757
206.62697,725
204.56070,711
202.51509,784
200.48994,818
198.48505,816
196.50020,787
194.53520,764
192.58986,743
190.66396,759
188.75732,782
186.86975,934
185.00105,852
183.15105,818
181.31953,781
179.50635,781
177.71129,773
175.93417,752
174.17484,731
172.43309,745
170.70876,733
169.00166,769
167.31165,769
165.63853,771
163.98215,761
162.34233,790
160.71890,753
159.11171,753
157.52060,853
155.94539,797
154.38594,778
152.84209,753
151.31367,772
149.80054,772
148.30254,776
146.81952,758
145.35132,784
143.89781,763
142.45883,781
141.03424,850
139.62390,743
138.22766,832
136.84538,822
135.47693,796
134.12216,729
132.78094,739
131.45314,707
130.13861,700
128.83722,689
127.54885,677
126.27336,674
125.01063,687
123.76052,687
122.52292,682
121.29769,707
120.08472,730
118.88387,730
117.69504,722
116.51809,697
115.35291,678
114.19939,673
113.05740,687
111.92683,710
110.80756,726
109.69948,716
108.60249,716
107.51646,726
106.44130,776
105.37688,766
104.32312,766
103.27989,724
102.24709,726
101.22462,753
100.21238,752
99.21026,752
98.21815,770
97.23598,757
96.26362,703
95.30098,703
94.34797,681
93.40449,756
92.47044,739
91.54574,739
90.63028,739
89.72398,739
88.82674,723
87.93847,723
87.05908,723
86.18849,716
85.32661,700
84.47334,700
83.62861,693
82.79232,683
81.96440,676
81.14476,745
80.33331,722
79.52998,739
78.73469,666
77.94734,679
77.16787,665
76.39619,665
75.63223,665
74.87591,636
74.12715,636
73.38588,636
72.65202,634
71.92551,634
71.20625,685
70.49419,647
69.78925,640
69.09136,669
68.40045,654
67.71645,692
67.03928,643
66.36889,675
65.70520,656
65.04815,656
64.39767,636
63.75369,660
63.11616,660
62.48500,619
61.86015,613
61.24154,613
60.62913,613
60.02284,613
59.42261,634
58.82838,608
58.24010,600
57.65770,639
57.08112,748
56.51031,648
55.94521,637
55.38576,627
54.83190,648
54.28358,649
53.74075,649
53.20334,637
52.67131,630
52.14460,622
51.62315,608
51.10692,628
50.59585,608
50.08989,604
49.58899,604
49.09310,604
48.60217,604
48.11615,604
47.63499,604
47.15864,628
46.68706,628
46.22019,670
45.75799,710
45.30041,707
44.84740,694
44.39893,667
43.95494,624
43.51539,600
43.08024,610
42.64944,610
42.22294,633
41.80071,633
41.38271,633
40.96888,633
40.55919,681
40.15360,661
39.75207,661
39.35455,661
38.96100,681
38.57139,681
38.18568,716
37.80383,652
37.42579,678
37.05153,662
36.68102,619
36.31421,619
35.95107,615
35.59156,609
35.23565,609
34.88329,602
34.53446,594
34.18911,594
33.84722,594
33.50875,594
33.17366,594
32.84193,594
32.51351,589
32.18837,627
31.86649,630
31.54782,588
31.23235,671
30.92002,664
30.61082,610
30.30472,610
30.00167,607
29.70165,607
29.40464,607
29.11059,648
28.81948,641
28.53129,579
28.24598,579
27.96352,613
27.68388,589
27.40705,589
27.13297,589
26.86164,589
26.59303,587
26.32710,587
26.06383,581
25.80319,581
25.54516,581
25.28971,572
25.03681,572
24.78644,572
24.53858,572
24.29319,594
24.05026,594
23.80976,594
23.57166,594
23.33594,658
23.10258,623
22.87156,623
22.64284,623
22.41641,622
22.19225,635
21.97033,634
21.75063,634
21.53312,634
21.31779,608
21.10461,608
20.89356,591
20.68463,579
20.47778,579
20.27301,588
20.07028,572
19.86957,572
19.67088,562
19.47417,567
19.27943,567
19.08663,565
18.89577,549
18.70681,549
18.51974,548
18.33454,560
18.15120,560
17.96969,560
17.78999,560
17.61209,552
17.43597,548
17.26161,548
17.08899,523
16.91810,523
16.74892,523
16.58143,522
16.41562,522
16.25146,520
16.08895,518
15.92806,518
15.76878,516
15.61109,514
15.45498,511
15.30043,510
15.14743,504
14.99595,504
14.84599,519
14.69753,519
14.55056,513
14.40505,513
14.26100,507
14.11839,503
13.97721,501
13.83744,501
13.69906,495
13.56207,495
13.42645,495
13.29219,492
13.15927,492
13.02767,489
12.89740,489
12.76842,489
12.64074,489
12.51433,479
12.38919,475
12.26530,474
12.14264,475
12.02122,475
11.90100,475
11.78199,475
11.66418,475
11.54753,473
11.43206,464
11.31774,464
11.20456,462
11.09251,462
10.98159,462
10.87177,462
10.76306,463
10.65543,463
10.54887,463
10.44338,461
10.33895,469
10.23556,464
10.13320,459
10.03187,458
9.93155,458
9.83224,458
9.73391,455
9.63658,452
9.54021,452
9.44481,452
9.35036,452
9.25686,451
9.16429,451
9.07265,451
8.98192,447
8.89210,445
8.80318,445
8.71515,451
8.62800,451
8.54172,443
8.45630,441
8.37174,441
8.28802,438
8.20514,439
8.12309,430
8.04186,429
7.96144,429
7.88182,429
7.80301,428
7.72498,430
7.64773,426
7.57125,425
7.49554,425
7.42058,425
7.34638,425
7.27291,425
7.20018,425
7.12818,425
7.05690,425
6.98633,434
6.91647,421
6.84730,420
6.77883,420
6.71104,419
6.64393,419
6.57749,419
6.51172,419
6.44660,419
6.38213,419
6.31831,419
6.25513,419
6.19258,419
6.13065,418
6.06935,418
6.00865,418
5.94857,418
5.88908,418
5.83019,418
5.77189,416
5.71417,416
5.65703,414
5.60046,414
5.54445,414
5.48901,414
5.43412,414
5.37978,414
5.32598,414
5.27272,414
5.21999,414
5.16779,414
5.11611,414
5.06495,414
5.01430,414
4.96416,418
4.91452,418
4.86537,414
4.81672,414
4.76855,414
4.72087,414
4.67366,414
4.62692,414
4.58065,414
4.53485,411
4.48950,411
4.44460,411
4.40016,411
4.35616,411
4.31259,411
4.26947,411
4.22677,411
4.18451,411
4.14266,411
4.10123,411
4.06022,411
4.01962,411
3.97942,411
3.93963,411
3.90023,411
3.86123,411
3.82262,411
3.78439,408
3.74655,408
3.70908,408
3.67199,408
3.63527,408
3.59892,408
3.56293,408
3.52730,408
3.49203,408
3.45711,408
3.42254,408
3.38831,408
3.35443,408
3.32088,408
3.28768,408
3.25480,408
3.22225,408
3.19003,408
3.15813,408
3.12655,408
3.09528,408
3.06433,408
3.03369,408
3.00335,408
2.97332,408
2.94358,408
2.91415,405
2.88500,414
2.85615,414
2.82759,404
2.79932,404
2.77132,404
2.74361,404
2.71617,404
2.68901,404
2.66212,404
2.63550,404
2.60915,404
2.58306,404
2.55722,404
2.53165,404
2.50634,404
2.48127,404
2.45646,404
2.43190,404
2.40758,404
2.38350,404
2.35967,404
2.33607,404
2.31271,404
2.28958,404
2.26669,404
2.24402,404
2.22158,404
2.19936,404
2.17737,404
2.15560,404
2.13404,404
2.11270,404
2.09157,404
2.07066,404
2.04995,403
2.02945,403
2.00916,403
1.98906,403
1.96917,403
1.94948,403
1.92999,403
1.91069,403
1.89158,403
1.87267,403
1.85394,402
1.83540,402
1.81705,402
1.79887,402
1.78089,402
1.76308,401
1.74545,401
1.72799,401
1.71071,401
1.69361,401
1.67667,401
1.65990,401
1.64330,401
1.62687,401
1.61060,401
1.59450,401
1.57855,401
1.56277,401
1.54714,401
1.53167,401
1.51635,401
1.50119,401
1.48617,401
1.47131,401
1.45660,401
1.44203,401
1.42761,401
1.41334,401
1.39920,401
1.38521,401
1.37136,401
1.35765,401
1.34407,401
1.33063,401
1.31732,401
1.30415,401
1.29111,401
1.27820,401
1.26541,401
1.25276,401
1.24023,401
1.22783,401
1.21555,401
1.20340,401
1.19136,401
1.17945,401
1.16765,401
1.15598,401
1.14442,401
1.13297,401
1.12164,401
1.11043,401
1.09932,401
1.08833,401
1.07745,401
1.06667,401
1.05601,401
1.04545,401
1.03499,401
1.02464,401
1.01440,401
1.00425,401
0.99421,401
0.98427,401
0.97442,401
0.96468,401
0.95503,401
0.94548,401
0.93603,401
0.92667,401
0.91740,401
0.90823,401
0.89914,401
0.89015,401
0.88125,401
0.87244,401
0.86372,401
0.85508,401
0.84653,401
0.83806,401
0.82968,401
0.82138,401
0.81317,401
0.80504,401
0.79699,401
0.78902,401
0.78113,401
0.77332,401
0.76558,401
0.75793,401
0.75035,401
0.74285,401
0.73542,401
0.72806,401
0.72078,401
0.71357,401
0.70644,401
0.69937,401
0.69238,401
0.68546,401
0.67860,401
0.67182,401
0.66510,401
0.65845,401
0.65186,401
0.64534,401
0.63889,401
0.63250,401
0.62618,401
0.61991,401
0.61372,401
0.60758,401
0.60150,401
0.59549,401
0.58953,401
0.58364,401
0.57780,401
0.57202,401
0.56630,401
0.56064,401
0.55503,401
0.54948,401
0.54399,401
0.53855,401
0.53316,401
0.52783,401
0.52255,401
0.51733,401
0.51215,401
0.50703,401
0.50196,401
0.49694,401
0.49197,401
0.48705,401
0.48218,401
0.47736,401
0.47259,401
0.46786,401
0.46318,401
0.45855,401
0.45397,401
0.44943,401
0.44493,401
0.44048,401
0.43608,401
0.43172,401
0.42740,401
0.42313,401
0.41889,401
0.41471,401
0.41056,401
0.40645,401
0.40239,401
0.39836,401
0.39438,401
0.39044,401
0.38653,401
0.38267,401
0.37884,401
0.37505,401
0.37130,401
0.36759,401
0.36391,401
0.36027,401
0.35667,401
0.35310,401
0.34957,401
0.34608,401
0.34262,401
0.33919,401
0.33580,401
0.33244,401
0.32912,401
0.32583,401
0.32257,401
0.31934,401
0.31615,401
0.31299,401
0.30986,401
0.30676,401
0.30369,401
0.30065,401
0.29765,401
0.29467,401
0.29172,401
0.28881,401
0.28592,401
0.28306,401
0.28023,401
0.27743,401
0.27465,401
0.27191,401
0.26919,401
0.26649,401
0.26383,401
0.26119,401
0.25858,401
0.25599,401
0.25343,401
0.25090,401
0.24839,401
0.24591,401
0.24345,401
0.24101,401
0.23860,401
0.23622,401
0.23385,401
0.23152,401
0.22920,401
0.22691,401
0.22464,401
0.22239,401
0.22017,401
0.21797,401
0.21579,401
0.21363,401
0.21149,401
0.20938,401
0.20729,401
0.20521,401
0.20316,401
0.20113,401
0.19912,401
0.19713,401
0.19516,401
0.19320,401
0.19127,401
0.18936,401
0.18747,401
0.18559,401
0.18373,401
0.18190,401
0.18008,401
0.17828,401
0.17649,401
0.17473,401
0.17298,401
0.17125,401
0.16954,401
0.16784,401
0.16617,401
0.16450,401
0.16286,401
0.16123,401
0.15962,401
0.15802,401
0.15644,401
0.15488,401
0.15333,401
0.15180,401
0.15028,401
0.14878,401
0.14729,401
0.14581,401
0.14436,401
0.14291,401
0.14148,401
0.14007,401
0.13867,401
0.13728,401
0.13591,401
0.13455,401
0.13320,401
0.13187,401
0.13055,401
0.12925,401
0.12796,401
0.12668,401
0.12541,401
0.12415,401
0.12291,401
0.12168,401
0.12047,401
0.11926,401
0.11807,401
0.11689,401
0.11572,401
0.11456,401
0.11342,401
0.11228,401
0.11116,401
0.11005,401
0.10895,401
0.10786,401
0.10678,401
0.10571,401
0.10466,401
0.10361,401
0.10257,401
0.10155,401
0.10053,401
