temperatura,makespan
10000.00000,5135
9900.00000,776
9801.00000,676
9702.99023,667
9605.95996,653
9509.90039,644
9414.80176,645
9320.65430,632
9227.44824,692
9135.17383,711
9043.82227,672
8953.38379,687
8863.84961,693
8775.21094,648
8687.45898,617
8600.58496,612
8514.57910,587
8429.43359,629
8345.13965,582
8261.68848,616
8179.07178,652
8097.28125,628
8016.30859,613
7936.14551,686
7856.78418,640
7778.21631,595
7700.43408,576
7623.42969,570
7547.19531,578
7471.72363,566
7397.00635,556
7323.03613,552
7249.80566,592
7177.30762,550
7105.53467,567
7034.47949,550
6964.13477,611
6894.49365,548
6825.54883,621
6757.29346,621
6689.72070,577
6622.82373,576
6556.59570,635
6491.02979,633
6426.11963,581
6361.85840,672
6298.23975,640
6235.25732,613
6172.90479,583
6111.17578,622
6050.06396,610
5989.56348,583
5929.66797,566
5870.37158,548
5811.66797,605
5753.55127,618
5696.01562,615
5639.05566,618
5582.66504,622
5526.83838,639
5471.56982,615
5416.85400,622
5362.68555,579
5309.05859,618
5255.96826,605
5203.40869,622
5151.37451,543
5099.86084,595
5048.86230,572
4998.37354,564
4948.38965,595
4898.90576,617
4849.91699,631
4801.41797,634
4753.40381,649
4705.86963,615
4658.81104,575
4612.22314,571
4566.10107,600
4520.43994,566
4475.23535,587
4430.48291,555
4386.17822,594
4342.31641,545
4298.89307,576
4255.90430,545
4213.34521,606
4171.21191,608
4129.50000,599
4088.20508,617
4047.32300,640
4006.84985,587
3966.78149,585
3927.11377,638
3887.84277,585
3848.96436,584
3810.47485,555
3772.37012,585
3734.64648,564
3697.30005,584
3660.32715,571
3623.72388,563
3587.48657,575
3551.61182,555
3516.09570,567
3480.93481,584
3446.12549,564
3411.66431,584
3377.54761,585
3343.77222,543
3310.33447,617
3277.23120,595
3244.45898,603
3212.01440,617
3179.89429,587
3148.09546,617
3116.61450,599
3085.44849,616
3054.59399,595
3024.04810,599
2993.80762,576
2963.86963,616
2934.23096,627
2904.88867,571
2875.83984,606
2847.08154,572
2818.61084,627
2790.42480,603
2762.52051,640
2734.89526,662
2707.54639,596
2680.47095,599
2653.66626,572
2627.12964,607
2600.85840,617
2574.84985,582
2549.10132,564
2523.61035,595
2498.37427,647
2473.39062,555
2448.65674,563
2424.17017,555
2399.92847,585
2375.92920,606
2352.16992,621
2328.64819,596
2305.36182,629
2282.30811,603
2259.48511,587
2236.89038,599
2214.52148,669
2192.37622,621
2170.45239,599
2148.74780,635
2127.26025,633
2105.98779,615
2084.92798,596
2064.07861,552
2043.43787,545
2023.00354,577
2002.77356,606
1982.74585,639
1962.91846,599
1943.28931,579
1923.85645,564
1904.61792,626
1885.57178,564
1866.71606,596
1848.04895,608
1829.56848,621
1811.27283,647
1793.16016,608
1775.22852,577
1757.47620,599
1739.90149,639
1722.50244,575
1705.27747,587
1688.22473,630
1671.34253,591
1654.62915,564
1638.08289,603
1621.70203,626
1605.48499,587
1589.43018,603
1573.53589,591
1557.80054,587
1542.22253,595
1526.80029,603
1511.53235,659
1496.41699,577
1481.45288,648
1466.63831,591
1451.97192,587
1437.45227,563
1423.07776,585
1408.84705,555
1394.75854,573
1380.81091,581
1367.00281,577
1353.33276,573
1339.79944,581
1326.40149,565
1313.13745,618
1300.00610,581
1287.00610,577
1274.13611,587
1261.39478,595
1248.78088,617
1236.29309,587
1223.93018,595
1211.69092,616
1199.57397,595
1187.57825,603
1175.70251,577
1163.94556,664
1152.30615,723
1140.78308,654
1129.37524,595
1118.08154,587
1106.90076,643
1095.83179,595
1084.87354,594
1074.02478,587
1063.28455,571
1052.65173,547
1042.12524,545
1031.70398,572
1021.38696,587
1011.17310,633
1001.06140,545
991.05078,638
981.14026,572
971.32886,604
961.61560,626
951.99945,595
942.47949,572
933.05469,599
923.72412,608
914.48688,595
905.34204,647
896.28864,572
887.32574,565
878.45251,636
869.66797,706
860.97131,621
852.36163,621
843.83801,587
835.39966,574
827.04565,617
818.77521,566
810.58746,574
802.48157,597
794.45679,599
786.51221,583
778.64709,578
770.86066,583
763.15204,573
755.52051,616
747.96533,565
740.48566,599
733.08081,621
725.75000,600
718.49249,587
711.30756,578
704.19446,583
697.15253,587
690.18103,583
683.27924,587
676.44647,617
669.68201,578
662.98517,587
656.35535,551
649.79181,566
643.29388,548
636.86096,566
630.49237,600
624.18744,587
617.94556,548
611.76611,551
605.64844,597
599.59198,573
593.59607,586
587.66010,566
581.78351,600
575.96570,583
570.20605,617
564.50403,583
558.85901,621
553.27045,574
547.73773,583
542.26038,639
536.83777,666
531.46942,647
526.15472,616
520.89319,599
515.68427,583
510.52744,600
505.42218,630
500.36795,634
495.36429,583
490.41064,622
485.50653,627
480.65146,562
475.84494,621
471.08649,695
466.37564,577
461.71188,635
457.09476,624
452.52380,556
447.99857,627
443.51859,622
439.08340,556
434.69257,622
430.34564,626
426.04218,543
421.78177,624
417.56396,657
413.38834,682
409.25446,610
405.16193,588
401.11032,569
397.09921,606
393.12823,555
389.19696,588
385.30499,601
381.45193,552
377.63742,604
373.86105,617
370.12244,569
366.42120,604
362.75699,606
359.12943,624
355.53815,571
351.98276,569
348.46292,604
344.97830,556
341.52853,553
338.11325,622
334.73212,601
331.38480,621
328.07095,643
324.79025,582
321.54236,552
318.32693,624
315.14368,642
311.99225,601
308.87231,588
305.78360,606
302.72577,556
299.69852,605
296.70154,552
293.73453,632
290.79718,606
287.88922,621
285.01035,588
282.16025,604
279.33865,580
276.54526,621
273.77982,604
271.04202,604
268.33160,580
265.64828,580
262.99179,588
260.36188,580
257.75827,588
255.18069,588
252.62889,580
250.10260,617
247.60158,572
245.12556,580
242.67432,606
240.24757,553
237.84511,572
235.46666,604
233.11200,621
230.78088,580
228.47308,631
226.18835,618
223.92647,617
221.68721,653
219.47034,604
217.27563,606
215.10287,621
212.95184,552
210.82233,604
208.71411,617
206.62697,604
204.56070,606
202.51509,604
200.48994,606
198.48505,564
196.50020,564
194.53520,564
192.58986,604
190.66396,588
188.75732,621
186.86975,618
185.00105,588
183.15105,621
181.31953,617
179.50635,632
177.71129,621
175.93417,590
174.17484,590
172.43309,572
170.70876,588
169.00166,572
167.31165,609
165.63853,601
163.98215,566
162.34233,595
160.71890,566
159.11171,637
157.52060,584
155.94539,582
154.38594,545
152.84209,626
151.31367,626
149.80054,631
148.30254,582
146.81952,582
145.35132,566
143.89781,566
142.45883,610
141.03424,590
139.62390,564
138.22766,564
136.84538,631
135.47693,564
134.12216,588
132.78094,588
131.45314,552
130.13861,552
128.83722,552
127.54885,618
126.27336,661
125.01063,606
123.76052,604
122.52292,606
121.29769,595
120.08472,552
118.88387,552
117.69504,588
116.51809,588
115.35291,588
114.19939,552
113.05740,552
111.92683,606
110.80756,606
109.69948,552
108.60249,552
107.51646,588
106.44130,621
105.37688,606
104.32312,617
103.27989,637
102.24709,595
101.22462,610
100.21238,588
99.21026,588
98.21815,566
97.23598,582
96.26362,584
95.30098,564
94.34797,621
93.40449,588
92.47044,632
91.54574,621
90.63028,590
89.72398,588
88.82674,588
87.93847,588
87.05908,588
86.18849,588
85.32661,588
84.47334,606
83.62861,621
82.79232,617
81.96440,621
81.14476,625
80.33331,604
79.52998,602
78.73469,588
77.94734,621
77.16787,604
76.39619,606
75.63223,566
74.87591,626
74.12715,617
73.38588,621
72.65202,588
71.92551,588
71.20625,588
70.49419,588
69.78925,553
69.09136,553
68.40045,553
67.71645,617
67.03928,617
66.36889,564
65.70520,564
65.04815,588
64.39767,564
63.75369,564
63.11616,606
62.48500,618
61.86015,617
61.24154,588
60.62913,582
60.02284,564
59.42261,588
58.82838,553
58.24010,631
57.65770,618
57.08112,621
56.51031,626
55.94521,572
55.38576,572
54.83190,572
54.28358,572
53.74075,572
53.20334,572
52.67131,552
52.14460,553
51.62315,617
51.10692,637
50.59585,604
50.08989,588
49.58899,588
49.09310,604
48.60217,552
48.11615,552
47.63499,552
47.15864,624
46.68706,604
46.22019,621
45.75799,604
45.30041,604
44.84740,590
44.39893,572
43.95494,572
43.51539,572
43.08024,572
42.64944,590
42.22294,572
41.80071,605
41.38271,590
40.96888,590
40.55919,601
40.15360,610
39.75207,584
39.35455,618
38.96100,595
38.57139,588
38.18568,604
37.80383,604
37.42579,572
37.05153,572
36.68102,572
36.31421,572
35.95107,601
35.59156,553
35.23565,553
34.88329,552
34.53446,552
34.18911,552
33.84722,552
33.50875,552
33.17366,588
32.84193,588
32.51351,617
32.18837,588
31.86649,588
31.54782,621
31.23235,621
30.92002,643
30.61082,588
30.30472,621
30.00167,617
29.70165,544
29.40464,544
29.11059,544
28.81948,544
28.53129,544
28.24598,552
27.96352,552
27.68388,544
27.40705,544
27.13297,544
26.86164,544
26.59303,544
26.32710,544
26.06383,544
25.80319,608
25.54516,621
25.28971,606
25.03681,608
24.78644,606
24.53858,606
24.29319,606
24.05026,621
23.80976,588
23.57166,588
23.33594,588
23.10258,588
22.87156,606
22.64284,606
22.41641,621
22.19225,606
21.97033,606
21.75063,606
21.53312,588
21.31779,588
21.10461,604
20.89356,606
20.68463,608
20.47778,544
20.27301,544
20.07028,544
19.86957,544
19.67088,544
19.47417,588
19.27943,608
19.08663,621
18.89577,608
18.70681,621
18.51974,617
18.33454,608
18.15120,606
17.96969,588
17.78999,588
17.61209,604
17.43597,606
17.26161,618
17.08899,610
16.91810,595
16.74892,595
16.58143,584
16.41562,584
16.25146,584
16.08895,584
15.92806,582
15.76878,572
15.61109,572
15.45498,588
15.30043,602
15.14743,595
14.99595,584
14.84599,584
14.69753,582
14.55056,599
14.40505,544
14.26100,544
14.11839,544
13.97721,544
13.83744,544
13.69906,544
13.56207,544
13.42645,544
13.29219,544
13.15927,552
13.02767,552
12.89740,552
12.76842,552
12.64074,552
12.51433,552
12.38919,552
12.26530,552
12.14264,552
12.02122,552
11.90100,552
11.78199,552
11.66418,552
11.54753,552
11.43206,552
11.31774,552
11.20456,544
11.09251,544
10.98159,544
10.87177,544
10.76306,544
10.65543,544
10.54887,544
10.44338,544
10.33895,544
10.23556,552
10.13320,552
10.03187,552
9.93155,552
9.83224,552
9.73391,552
9.63658,552
9.54021,552
9.44481,552
9.35036,552
9.25686,552
9.16429,552
9.07265,552
8.98192,552
8.89210,552
8.80318,552
8.71515,552
8.62800,552
8.54172,552
8.45630,552
8.37174,552
8.28802,552
8.20514,552
8.12309,552
8.04186,552
7.96144,552
7.88182,544
7.80301,544
7.72498,544
7.64773,544
7.57125,544
7.49554,544
7.42058,544
7.34638,544
7.27291,544
7.20018,544
7.12818,544
7.05690,544
6.98633,544
6.91647,544
6.84730,552
6.77883,552
6.71104,552
6.64393,544
6.57749,544
6.51172,544
6.44660,544
6.38213,544
6.31831,544
6.25513,544
6.19258,544
6.13065,544
6.06935,544
6.00865,544
5.94857,544
5.88908,544
5.83019,544
5.77189,544
5.71417,544
5.65703,544
5.60046,544
5.54445,544
5.48901,544
5.43412,544
5.37978,544
5.32598,544
5.27272,544
5.21999,544
5.16779,544
5.11611,544
5.06495,544
5.01430,544
4.96416,544
4.91452,544
4.86537,544
4.81672,544
4.76855,544
4.72087,544
4.67366,544
4.62692,544
4.58065,544
4.53485,544
4.48950,544
4.44460,544
4.40016,544
4.35616,544
4.31259,544
4.26947,544
4.22677,544
4.18451,544
4.14266,544
4.10123,544
4.06022,544
4.01962,544
3.97942,544
3.93963,544
3.90023,544
3.86123,544
3.82262,544
3.78439,544
3.74655,544
3.70908,544
3.67199,544
3.63527,544
3.59892,544
3.56293,544
3.52730,544
3.49203,544
3.45711,544
3.42254,544
3.38831,544
3.35443,544
3.32088,544
3.28768,544
3.25480,544
3.22225,544
3.19003,544
3.15813,544
3.12655,544
3.09528,544
3.06433,544
3.03369,544
3.00335,544
2.97332,544
2.94358,544
2.91415,544
2.88500,544
2.85615,544
2.82759,544
2.79932,544
2.77132,544
2.74361,544
2.71617,544
2.68901,544
2.66212,544
2.63550,544
2.60915,544
2.58306,544
2.55722,544
2.53165,544
2.50634,544
2.48127,544
2.45646,544
2.43190,544
2.40758,544
2.38350,544
2.35967,544
2.33607,544
2.31271,544
2.28958,544
2.26669,544
2.24402,544
2.22158,544
2.19936,544
2.17737,544
2.15560,544
2.13404,544
2.11270,544
2.09157,544
2.07066,544
2.04995,544
2.02945,544
2.00916,544
1.98906,544
1.96917,544
1.94948,544
1.92999,544
1.91069,544
1.89158,544
1.87267,544
1.85394,544
1.83540,544
1.81705,544
1.79887,544
1.78089,544
1.76308,544
1.74545,544
1.72799,544
1.71071,544
1.69361,544
1.67667,544
1.65990,544
1.64330,544
1.62687,544
1.61060,544
1.59450,544
1.57855,544
1.56277,544
1.54714,544
1.53167,544
1.51635,544
1.50119,544
1.48617,544
1.47131,544
1.45660,544
1.44203,544
1.42761,544
1.41334,544
1.39920,544
1.38521,544
1.37136,544
1.35765,544
1.34407,544
1.33063,544
1.31732,544
1.30415,544
1.29111,544
1.27820,544
1.26541,544
1.25276,544
1.24023,544
1.22783,544
1.21555,544
1.20340,544
1.19136,544
1.17945,544
1.16765,544
1.15598,544
1.14442,544
1.13297,544
1.12164,544
1.11043,544
1.09932,544
1.08833,544
1.07745,544
1.06667,544
1.05601,544
1.04545,544
1.03499,544
1.02464,544
1.01440,544
1.00425,544
0.99421,544
0.98427,544
0.97442,544
0.96468,544
0.95503,544
0.94548,544
0.93603,544
0.92667,544
0.91740,544
0.90823,544
0.89914,544
0.89015,544
0.88125,544
0.87244,544
0.86372,544
0.85508,544
0.84653,544
0.83806,544
0.82968,544
0.82138,544
0.81317,544
0.80504,544
0.79699,544
0.78902,544
0.78113,544
0.77332,544
0.76558,544
0.75793,544
0.75035,544
0.74285,544
0.73542,544
0.72806,544
0.72078,544
0.71357,544
0.70644,544
0.69937,544
0.69238,544
0.68546,544
0.67860,544
0.67182,544
0.66510,544
0.65845,544
0.65186,544
0.64534,544
0.63889,544
0.63250,544
0.62618,544
0.61991,544
0.61372,544
0.60758,544
0.60150,544
0.59549,544
0.58953,544
0.58364,544
0.57780,544
0.57202,544
0.56630,544
0.56064,544
0.55503,544
0.54948,544
0.54399,544
0.53855,544
0.53316,544
0.52783,544
0.52255,544
0.51733,544
0.51215,544
0.50703,544
0.50196,544
0.49694,544
0.49197,544
0.48705,544
0.48218,544
0.47736,544
0.47259,544
0.46786,544
0.46318,544
0.45855,544
0.45397,544
0.44943,544
0.44493,544
0.44048,544
0.43608,544
0.43172,544
0.42740,544
0.42313,544
0.41889,544
0.41471,544
0.41056,544
0.40645,544
0.40239,544
0.39836,544
0.39438,544
0.39044,544
0.38653,544
0.38267,544
0.37884,544
0.37505,544
0.37130,544
0.36759,544
0.36391,544
0.36027,544
0.35667,544
0.35310,544
0.34957,544
0.34608,544
0.34262,544
0.33919,544
0.33580,544
0.33244,544
0.32912,544
0.32583,544
0.32257,544
0.31934,544
0.31615,544
0.31299,544
0.30986,544
0.30676,544
0.30369,544
0.30065,544
0.29765,544
0.29467,544
0.29172,544
0.28881,544
0.28592,544
0.28306,544
0.28023,544
0.27743,544
0.27465,544
0.27191,544
0.26919,544
0.26649,544
0.26383,544
0.26119,544
0.25858,544
0.25599,544
0.25343,544
0.25090,544
0.24839,544
0.24591,544
0.24345,544
0.24101,544
0.23860,544
0.23622,544
0.23385,544
0.23152,544
0.22920,544
0.22691,544
0.22464,544
0.22239,544
0.22017,544
0.21797,544
0.21579,544
0.21363,544
0.21149,544
0.20938,544
0.20729,544
0.20521,544
0.20316,544
0.20113,544
0.19912,544
0.19713,544
0.19516,544
0.19320,544
0.19127,544
0.18936,544
0.18747,544
0.18559,544
0.18373,544
0.18190,544
0.18008,544
0.17828,544
0.17649,544
0.17473,544
0.17298,544
0.17125,544
0.16954,544
0.16784,544
0.16617,544
0.16450,544
0.16286,544
0.16123,544
0.15962,544
0.15802,544
0.15644,544
0.15488,544
0.15333,544
0.15180,544
0.15028,544
0.14878,544
0.14729,544
0.14581,544
0.14436,544
0.14291,544
0.14148,544
0.14007,544
0.13867,544
0.13728,544
0.13591,544
0.13455,544
0.13320,544
0.13187,544
0.13055,544
0.12925,544
0.12796,544
0.12668,544
0.12541,544
0.12415,544
0.12291,544
0.12168,544
0.12047,544
0.11926,544
0.11807,544
0.11689,544
0.11572,544
0.11456,544
0.11342,544
0.11228,544
0.11116,544
0.11005,544
0.10895,544
0.10786,544
0.10678,544
0.10571,544
0.10466,544
0.10361,544
0.10257,544
0.10155,544
0.10053,544
