temperatura,makespan
10000.00000,4784
9900.00000,874
9801.00000,956
9702.99023,1043
9605.95996,894
9509.90039,866
9414.80176,806
9320.65430,919
9227.44824,1000
9135.17383,947
9043.82227,894
8953.38379,828
8863.84961,888
8775.21094,985
8687.45898,927
8600.58496,890
8514.57910,840
8429.43359,916
8345.13965,1075
8261.68848,783
8179.07178,723
8097.28125,725
8016.30859,708
7936.14551,756
7856.78418,789
7778.21631,672
7700.43408,635
7623.42969,732
7547.19531,706
7471.72363,776
7397.00635,760
7323.03613,711
7249.80566,597
7177.30762,657
7105.53467,665
7034.47949,723
6964.13477,655
6894.49365,643
6825.54883,565
6757.29346,540
6689.72070,533
6622.82373,529
6556.59570,535
6491.02979,519
6426.11963,578
6361.85840,567
6298.23975,600
6235.25732,580
6172.90479,672
6111.17578,590
6050.06396,582
5989.56348,691
5929.66797,588
5870.37158,634
5811.66797,615
5753.55127,627
5696.01562,673
5639.05566,633
5582.66504,609
5526.83838,665
5471.56982,561
5416.85400,536
5362.68555,520
5309.05859,519
5255.96826,518
5203.40869,556
5151.37451,530
5099.86084,530
5048.86230,530
4998.37354,528
4948.38965,518
4898.90576,530
4849.91699,528
4801.41797,515
4753.40381,511
4705.86963,531
4658.81104,589
4612.22314,569
4566.10107,546
4520.43994,544
4475.23535,546
4430.48291,577
4386.17822,535
4342.31641,530
4298.89307,575
4255.90430,535
4213.34521,518
4171.21191,530
4129.50000,528
4088.20508,582
4047.32300,544
4006.84985,535
3966.78149,524
3927.11377,582
3887.84277,591
3848.96436,588
3810.47485,524
3772.37012,511
3734.64648,572
3697.30005,546
3660.32715,511
3623.72388,572
3587.48657,531
3551.61182,511
3516.09570,544
3480.93481,546
3446.12549,572
3411.66431,511
3377.54761,594
3343.77222,568
3310.33447,569
3277.23120,571
3244.45898,553
3212.01440,558
3179.89429,553
3148.09546,609
3116.61450,553
3085.44849,611
3054.59399,544
3024.04810,531
2993.80762,605
2963.86963,551
2934.23096,554
2904.88867,525
2875.83984,544
2847.08154,603
2818.61084,554
2790.42480,538
2762.52051,556
2734.89526,551
2707.54639,571
2680.47095,520
2653.66626,583
2627.12964,520
2600.85840,578
2574.84985,596
2549.10132,571
2523.61035,605
2498.37427,660
2473.39062,613
2448.65674,572
2424.17017,559
2399.92847,545
2375.92920,572
2352.16992,518
2328.64819,583
2305.36182,518
2282.30811,583
2259.48511,569
2236.89038,578
2214.52148,607
2192.37622,641
2170.45239,631
2148.74780,629
2127.26025,583
2105.98779,573
2084.92798,552
2064.07861,551
2043.43787,545
2023.00354,603
2002.77356,620
1982.74585,572
1962.91846,603
1943.28931,577
1923.85645,591
1904.61792,568
1885.57178,559
1866.71606,594
1848.04895,556
1829.56848,562
1811.27283,554
1793.16016,573
1775.22852,594
1757.47620,573
1739.90149,556
1722.50244,532
1705.27747,605
1688.22473,637
1671.34253,665
1654.62915,633
1638.08289,630
1621.70203,629
1605.48499,578
1589.43018,578
1573.53589,561
1557.80054,573
1542.22253,538
1526.80029,548
1511.53235,529
1496.41699,521
1481.45288,548
1466.63831,539
1451.97192,543
1437.45227,519
1423.07776,543
1408.84705,538
1394.75854,521
1380.81091,538
1367.00281,514
1353.33276,548
1339.79944,529
1326.40149,538
1313.13745,543
1300.00610,525
1287.00610,514
1274.13611,521
1261.39478,543
1248.78088,539
1236.29309,514
1223.93018,538
1211.69092,521
1199.57397,525
1187.57825,566
1175.70251,548
1163.94556,538
1152.30615,519
1140.78308,543
1129.37524,521
1118.08154,529
1106.90076,543
1095.83179,519
1084.87354,576
1074.02478,538
1063.28455,548
1052.65173,543
1042.12524,591
1031.70398,539
1021.38696,514
1011.17310,529
1001.06140,519
991.05078,521
981.14026,543
971.32886,519
961.61560,521
951.99945,538
942.47949,548
933.05469,525
923.72412,521
914.48688,529
905.34204,514
896.28864,521
887.32574,514
878.45251,529
869.66797,543
860.97131,566
852.36163,539
843.83801,529
835.39966,521
827.04565,538
818.77521,519
810.58746,566
802.48157,521
794.45679,529
786.51221,548
778.64709,519
770.86066,538
763.15204,543
755.52051,521
747.96533,548
740.48566,576
733.08081,529
725.75000,514
718.49249,529
711.30756,548
704.19446,543
697.15253,538
690.18103,539
683.27924,543
676.44647,514
669.68201,538
662.98517,543
656.35535,514
649.79181,521
643.29388,548
636.86096,519
630.49237,566
624.18744,543
617.94556,539
611.76611,538
605.64844,529
599.59198,538
593.59607,521
587.66010,576
581.78351,538
575.96570,525
570.20605,543
564.50403,519
558.85901,525
553.27045,521
547.73773,519
542.26038,525
536.83777,539
531.46942,521
526.15472,538
520.89319,525
515.68427,521
510.52744,529
505.42218,521
500.36795,539
495.36429,529
490.41064,519
485.50653,529
480.65146,539
475.84494,548
471.08649,525
466.37564,521
461.71188,519
457.09476,525
452.52380,529
447.99857,514
443.51859,543
439.08340,539
434.69257,521
430.34564,539
426.04218,514
421.78177,566
417.56396,521
413.38834,521
409.25446,519
405.16193,521
401.11032,529
397.09921,525
393.12823,576
389.19696,538
385.30499,538
381.45193,529
377.63742,576
373.86105,525
370.12244,566
366.42120,529
362.75699,548
359.12943,525
355.53815,548
351.98276,529
348.46292,521
344.97830,525
341.52853,521
338.11325,529
334.73212,525
331.38480,529
328.07095,538
324.79025,521
321.54236,529
318.32693,521
315.14368,519
311.99225,576
308.87231,548
305.78360,529
302.72577,538
299.69852,525
296.70154,539
293.73453,548
290.79718,539
287.88922,543
285.01035,539
282.16025,519
279.33865,566
276.54526,538
273.77982,548
271.04202,529
268.33160,529
265.64828,548
262.99179,529
260.36188,519
257.75827,529
255.18069,543
252.62889,566
250.10260,576
247.60158,543
245.12556,521
242.67432,525
240.24757,538
237.84511,548
235.46666,529
233.11200,539
230.78088,529
228.47308,539
226.18835,519
223.92647,539
221.68721,538
219.47034,521
217.27563,529
215.10287,576
212.95184,548
210.82233,600
208.71411,580
206.62697,575
204.56070,562
202.51509,551
200.48994,608
198.48505,598
196.50020,623
194.53520,623
192.58986,544
190.66396,539
188.75732,539
186.86975,625
185.00105,720
183.15105,633
181.31953,579
179.50635,576
177.71129,592
175.93417,635
174.17484,563
172.43309,561
170.70876,552
169.00166,617
167.31165,558
165.63853,571
163.98215,544
162.34233,594
160.71890,593
159.11171,612
157.52060,601
155.94539,544
154.38594,546
152.84209,545
151.31367,543
149.80054,543
148.30254,538
146.81952,535
145.35132,554
143.89781,554
142.45883,531
141.03424,528
139.62390,520
138.22766,529
136.84538,519
135.47693,519
134.12216,519
132.78094,536
131.45314,543
130.13861,529
128.83722,519
127.54885,578
126.27336,552
125.01063,546
123.76052,546
122.52292,554
121.29769,615
120.08472,561
118.88387,559
117.69504,535
116.51809,601
115.35291,661
114.19939,607
113.05740,617
111.92683,592
110.80756,540
109.69948,632
108.60249,625
107.51646,639
106.44130,639
105.37688,658
104.32312,688
103.27989,592
102.24709,549
101.22462,546
100.21238,554
99.21026,554
98.21815,545
97.23598,554
96.26362,557
95.30098,544
94.34797,551
93.40449,553
92.47044,586
91.54574,562
90.63028,540
89.72398,540
88.82674,556
87.93847,581
87.05908,627
86.18849,562
85.32661,612
84.47334,588
83.62861,588
82.79232,588
81.96440,562
81.14476,551
80.33331,574
79.52998,557
78.73469,537
77.94734,535
77.16787,572
76.39619,634
75.63223,583
74.87591,613
74.12715,576
73.38588,569
72.65202,540
71.92551,540
71.20625,539
70.49419,575
69.78925,545
69.09136,576
68.40045,585
67.71645,576
67.03928,603
66.36889,558
65.70520,564
65.04815,538
64.39767,538
63.75369,557
63.11616,557
62.48500,539
61.86015,551
61.24154,538
60.62913,539
60.02284,574
59.42261,576
58.82838,542
58.24010,526
57.65770,523
57.08112,529
56.51031,554
55.94521,541
55.38576,522
54.83190,519
54.28358,535
53.74075,519
53.20334,519
52.67131,554
52.14460,523
51.62315,523
51.10692,519
50.59585,535
50.08989,529
49.58899,554
49.09310,523
48.60217,519
48.11615,519
47.63499,554
47.15864,555
46.68706,538
46.22019,535
45.75799,555
45.30041,557
44.84740,532
44.39893,532
43.95494,529
43.51539,529
43.08024,585
42.64944,541
42.22294,516
41.80071,520
41.38271,516
40.96888,516
40.55919,516
40.15360,519
39.75207,519
39.35455,532
38.96100,520
38.57139,520
38.18568,551
37.80383,520
37.42579,519
37.05153,538
36.68102,551
36.31421,520
35.95107,520
35.59156,520
35.23565,526
34.88329,526
34.53446,557
34.18911,551
33.84722,538
33.50875,538
33.17366,519
32.84193,519
32.51351,516
32.18837,516
31.86649,516
31.54782,557
31.23235,538
30.92002,526
30.61082,571
30.30472,558
30.00167,558
29.70165,577
29.40464,558
29.11059,546
28.81948,564
28.53129,594
28.24598,564
27.96352,564
27.68388,556
27.40705,546
27.13297,546
26.86164,546
26.59303,545
26.32710,545
26.06383,538
25.80319,538
25.54516,538
25.28971,539
25.03681,576
24.78644,559
24.53858,557
24.29319,516
24.05026,540
23.80976,519
23.57166,519
23.33594,532
23.10258,557
22.87156,520
22.64284,520
22.41641,520
22.19225,519
21.97033,526
21.75063,520
21.53312,520
21.31779,520
21.10461,538
20.89356,516
20.68463,516
20.47778,526
20.27301,532
20.07028,540
19.86957,519
19.67088,519
19.47417,519
19.27943,519
19.08663,519
18.89577,519
18.70681,526
18.51974,538
18.33454,538
18.15120,526
17.96969,519
17.78999,519
17.61209,538
17.43597,519
17.26161,520
17.08899,520
16.91810,520
16.74892,520
16.58143,516
16.41562,526
16.25146,520
16.08895,520
15.92806,540
15.76878,520
15.61109,520
15.45498,520
15.30043,519
15.14743,519
14.99595,516
14.84599,516
14.69753,516
14.55056,516
14.40505,516
14.26100,540
14.11839,540
13.97721,516
13.83744,519
13.69906,520
13.56207,519
13.42645,540
13.29219,540
13.15927,519
13.02767,519
12.89740,519
12.76842,520
12.64074,520
12.51433,520
12.38919,520
12.26530,516
12.14264,516
12.02122,516
11.90100,526
11.78199,519
11.66418,520
11.54753,526
11.43206,526
11.31774,532
11.20456,532
11.09251,532
10.98159,532
10.87177,532
10.76306,532
10.65543,526
10.54887,526
10.44338,526
10.33895,516
10.23556,519
10.13320,516
10.03187,516
9.93155,532
9.83224,526
9.73391,526
9.63658,526
9.54021,540
9.44481,540
9.35036,532
9.25686,519
9.16429,519
9.07265,519
8.98192,519
8.89210,516
8.80318,516
8.71515,516
8.62800,516
8.54172,532
8.45630,519
8.37174,519
8.28802,520
8.20514,516
8.12309,532
8.04186,532
7.96144,526
7.88182,526
7.80301,526
7.72498,526
7.64773,526
7.57125,519
7.49554,519
7.42058,516
7.34638,519
7.27291,519
7.20018,519
7.12818,519
7.05690,519
6.98633,519
6.91647,519
6.84730,519
6.77883,519
6.71104,516
6.64393,516
6.57749,526
6.51172,516
6.44660,516
6.38213,516
6.31831,516
6.25513,516
6.19258,519
6.13065,519
6.06935,519
6.00865,516
5.94857,519
5.88908,519
5.83019,519
5.77189,516
5.71417,519
5.65703,519
5.60046,519
5.54445,520
5.48901,520
5.43412,520
5.37978,516
5.32598,516
5.27272,516
5.21999,516
5.16779,516
5.11611,516
5.06495,516
5.01430,520
4.96416,516
4.91452,516
4.86537,516
4.81672,516
4.76855,516
4.72087,516
4.67366,519
4.62692,519
4.58065,519
4.53485,519
4.48950,516
4.44460,516
4.40016,516
4.35616,519
4.31259,516
4.26947,516
4.22677,516
4.18451,516
4.14266,516
4.10123,516
4.06022,516
4.01962,516
3.97942,516
3.93963,516
3.90023,516
3.86123,516
3.82262,516
3.78439,519
3.74655,519
3.70908,519
3.67199,519
3.63527,519
3.59892,519
3.56293,519
3.52730,519
3.49203,519
3.45711,519
3.42254,519
3.38831,519
3.35443,519
3.32088,519
3.28768,519
3.25480,519
3.22225,519
3.19003,519
3.15813,519
3.12655,519
3.09528,519
3.06433,519
3.03369,519
3.00335,519
2.97332,519
2.94358,519
2.91415,519
2.88500,516
2.85615,516
2.82759,520
2.79932,520
2.77132,520
2.74361,520
2.71617,520
2.68901,520
2.66212,520
2.63550,520
2.60915,520
2.58306,520
2.55722,520
2.53165,519
2.50634,520
2.48127,516
2.45646,516
2.43190,516
2.40758,516
2.38350,516
2.35967,516
2.33607,516
2.31271,516
2.28958,516
2.26669,516
2.24402,516
2.22158,516
2.19936,516
2.17737,519
2.15560,516
2.13404,516
2.11270,516
2.09157,516
2.07066,516
2.04995,516
2.02945,516
2.00916,516
1.98906,516
1.96917,516
1.94948,516
1.92999,516
1.91069,516
1.89158,516
1.87267,520
1.85394,520
1.83540,520
1.81705,520
1.79887,520
1.78089,520
1.76308,519
1.74545,519
1.72799,516
1.71071,516
1.69361,516
1.67667,516
1.65990,516
1.64330,516
1.62687,519
1.61060,516
1.59450,516
1.57855,516
1.56277,516
1.54714,516
1.53167,516
1.51635,516
1.50119,516
1.48617,516
1.47131,516
1.45660,516
1.44203,516
1.42761,516
1.41334,516
1.39920,516
1.38521,516
1.37136,516
1.35765,516
1.34407,516
1.33063,516
1.31732,516
1.30415,516
1.29111,516
1.27820,516
1.26541,516
1.25276,516
1.24023,516
1.22783,516
1.21555,516
1.20340,516
1.19136,516
1.17945,516
1.16765,516
1.15598,516
1.14442,516
1.13297,516
1.12164,516
1.11043,516
1.09932,516
1.08833,516
1.07745,516
1.06667,520
1.05601,520
1.04545,520
1.03499,520
1.02464,516
1.01440,516
1.00425,516
0.99421,516
0.98427,516
0.97442,516
0.96468,516
0.95503,516
0.94548,516
0.93603,516
0.92667,516
0.91740,516
0.90823,516
0.89914,516
0.89015,516
0.88125,516
0.87244,516
0.86372,516
0.85508,516
0.84653,516
0.83806,516
0.82968,516
0.82138,516
0.81317,516
0.80504,516
0.79699,516
0.78902,516
0.78113,516
0.77332,516
0.76558,516
0.75793,516
0.75035,516
0.74285,516
0.73542,516
0.72806,516
0.72078,516
0.71357,516
0.70644,516
0.69937,516
0.69238,516
0.68546,516
0.67860,516
0.67182,516
0.66510,516
0.65845,516
0.65186,516
0.64534,516
0.63889,516
0.63250,516
0.62618,516
0.61991,516
0.61372,516
0.60758,516
0.60150,516
0.59549,516
0.58953,516
0.58364,516
0.57780,516
0.57202,516
0.56630,516
0.56064,516
0.55503,516
0.54948,516
0.54399,516
0.53855,516
0.53316,516
0.52783,516
0.52255,516
0.51733,516
0.51215,516
0.50703,516
0.50196,516
0.49694,516
0.49197,516
0.48705,516
0.48218,516
0.47736,516
0.47259,516
0.46786,516
0.46318,516
0.45855,516
0.45397,516
0.44943,516
0.44493,516
0.44048,516
0.43608,516
0.43172,516
0.42740,516
0.42313,516
0.41889,516
0.41471,516
0.41056,516
0.40645,516
0.40239,516
0.39836,516
0.39438,516
0.39044,516
0.38653,516
0.38267,516
0.37884,516
0.37505,516
0.37130,516
0.36759,516
0.36391,516
0.36027,516
0.35667,516
0.35310,516
0.34957,516
0.34608,516
0.34262,516
0.33919,516
0.33580,516
0.33244,516
0.32912,516
0.32583,516
0.32257,516
0.31934,516
0.31615,516
0.31299,516
0.30986,516
0.30676,516
0.30369,516
0.30065,516
0.29765,516
0.29467,516
0.29172,516
0.28881,516
0.28592,516
0.28306,516
0.28023,516
0.27743,516
0.27465,516
0.27191,516
0.26919,516
0.26649,516
0.26383,516
0.26119,516
0.25858,516
0.25599,516
0.25343,516
0.25090,516
0.24839,516
0.24591,516
0.24345,516
0.24101,516
0.23860,516
0.23622,516
0.23385,516
0.23152,516
0.22920,516
0.22691,516
0.22464,516
0.22239,516
0.22017,516
0.21797,516
0.21579,516
0.21363,516
0.21149,516
0.20938,516
0.20729,516
0.20521,516
0.20316,516
0.20113,516
0.19912,516
0.19713,516
0.19516,516
0.19320,516
0.19127,516
0.18936,516
0.18747,516
0.18559,516
0.18373,516
0.18190,516
0.18008,516
0.17828,516
0.17649,516
0.17473,516
0.17298,516
0.17125,516
0.16954,516
0.16784,516
0.16617,516
0.16450,516
0.16286,516
0.16123,516
0.15962,516
0.15802,516
0.15644,516
0.15488,516
0.15333,516
0.15180,516
0.15028,516
0.14878,516
0.14729,516
0.14581,516
0.14436,516
0.14291,516
0.14148,516
0.14007,516
0.13867,516
0.13728,516
0.13591,516
0.13455,516
0.13320,516
0.13187,516
0.13055,516
0.12925,516
0.12796,516
0.12668,516
0.12541,516
0.12415,516
0.12291,516
0.12168,516
0.12047,516
0.11926,516
0.11807,516
0.11689,516
0.11572,516
0.11456,516
0.11342,516
0.11228,516
0.11116,516
0.11005,516
0.10895,516
0.10786,516
0.10678,516
0.10571,516
0.10466,516
0.10361,516
0.10257,516
0.10155,516
0.10053,516
