temperatura,makespan
10000.00000,18102
9900.00000,771
9801.00000,713
9702.99023,706
9605.95996,748
9509.90039,666
9414.80176,711
9320.65430,729
9227.44824,771
9135.17383,709
9043.82227,668
8953.38379,635
8863.84961,621
8775.21094,647
8687.45898,640
8600.58496,669
8514.57910,618
8429.43359,632
8345.13965,631
8261.68848,649
8179.07178,612
8097.28125,606
8016.30859,603
7936.14551,690
7856.78418,649
7778.21631,584
7700.43408,621
7623.42969,583
7547.19531,623
7471.72363,582
7397.00635,566
7323.03613,626
7249.80566,660
7177.30762,669
7105.53467,584
7034.47949,579
6964.13477,567
6894.49365,565
6825.54883,564
6757.29346,560
6689.72070,554
6622.82373,580
6556.59570,606
6491.02979,560
6426.11963,580
6361.85840,602
6298.23975,595
6235.25732,617
6172.90479,663
6111.17578,596
6050.06396,610
5989.56348,602
5929.66797,592
5870.37158,583
5811.66797,650
5753.55127,592
5696.01562,613
5639.05566,670
5582.66504,708
5526.83838,633
5471.56982,610
5416.85400,594
5362.68555,627
5309.05859,570
5255.96826,580
5203.40869,560
5151.37451,638
5099.86084,613
5048.86230,639
4998.37354,605
4948.38965,602
4898.90576,630
4849.91699,562
4801.41797,553
4753.40381,609
4705.86963,552
4658.81104,592
4612.22314,582
4566.10107,572
4520.43994,551
4475.23535,548
4430.48291,562
4386.17822,643
4342.31641,589
4298.89307,670
4255.90430,686
4213.34521,637
4171.21191,620
4129.50000,702
4088.20508,625
4047.32300,619
4006.84985,610
3966.78149,589
3927.11377,580
3887.84277,564
3848.96436,592
3810.47485,564
3772.37012,586
3734.64648,562
3697.30005,651
3660.32715,658
3623.72388,603
3587.48657,593
3551.61182,576
3516.09570,621
3480.93481,611
3446.12549,579
3411.66431,686
3377.54761,595
3343.77222,685
3310.33447,602
3277.23120,634
3244.45898,589
3212.01440,588
3179.89429,645
3148.09546,592
3116.61450,651
3085.44849,639
3054.59399,662
3024.04810,660
2993.80762,638
2963.86963,616
2934.23096,605
2904.88867,639
2875.83984,615
2847.08154,610
2818.61084,670
2790.42480,755
2762.52051,666
2734.89526,609
2707.54639,681
2680.47095,639
2653.66626,669
2627.12964,693
2600.85840,691
2574.84985,646
2549.10132,623
2523.61035,618
2498.37427,610
2473.39062,618
2448.65674,646
2424.17017,663
2399.92847,634
2375.92920,599
2352.16992,608
2328.64819,653
2305.36182,649
2282.30811,683
2259.48511,603
2236.89038,667
2214.52148,711
2192.37622,652
2170.45239,616
2148.74780,709
2127.26025,653
2105.98779,637
2084.92798,682
2064.07861,670
2043.43787,651
2023.00354,700
2002.77356,723
1982.74585,705
1962.91846,700
1943.28931,698
1923.85645,727
1904.61792,646
1885.57178,625
1866.71606,641
1848.04895,659
1829.56848,681
1811.27283,647
1793.16016,733
1775.22852,688
1757.47620,655
1739.90149,689
1722.50244,672
1705.27747,681
1688.22473,644
1671.34253,675
1654.62915,646
1638.08289,703
1621.70203,694
1605.48499,686
1589.43018,679
1573.53589,676
1557.80054,704
1542.22253,655
1526.80029,690
1511.53235,669
1496.41699,665
1481.45288,632
1466.63831,614
1451.97192,621
1437.45227,670
1423.07776,622
1408.84705,635
1394.75854,685
1380.81091,690
1367.00281,689
1353.33276,666
1339.79944,661
1326.40149,666
1313.13745,604
1300.00610,603
1287.00610,728
1274.13611,724
1261.39478,768
1248.78088,636
1236.29309,640
1223.93018,642
1211.69092,701
1199.57397,689
1187.57825,647
1175.70251,644
1163.94556,612
1152.30615,610
1140.78308,607
1129.37524,593
1118.08154,593
1106.90076,596
1095.83179,588
1084.87354,648
1074.02478,689
1063.28455,663
1052.65173,623
1042.12524,645
1031.70398,634
1021.38696,559
1011.17310,554
1001.06140,554
991.05078,547
981.14026,565
971.32886,598
961.61560,595
951.99945,675
942.47949,600
933.05469,591
923.72412,618
914.48688,609
905.34204,583
896.28864,564
887.32574,560
878.45251,552
869.66797,636
860.97131,549
852.36163,546
843.83801,539
835.39966,535
827.04565,521
818.77521,546
810.58746,527
802.48157,557
794.45679,609
786.51221,577
778.64709,558
770.86066,589
763.15204,509
755.52051,504
747.96533,505
740.48566,546
733.08081,503
725.75000,503
718.49249,515
711.30756,495
704.19446,505
697.15253,509
690.18103,578
683.27924,534
676.44647,517
669.68201,557
662.98517,578
656.35535,531
649.79181,508
643.29388,535
636.86096,507
630.49237,525
624.18744,529
617.94556,517
611.76611,490
605.64844,547
599.59198,568
593.59607,570
587.66010,592
581.78351,541
575.96570,531
570.20605,511
564.50403,496
558.85901,496
553.27045,481
547.73773,476
542.26038,476
536.83777,472
531.46942,472
526.15472,469
520.89319,489
515.68427,470
510.52744,511
505.42218,466
500.36795,460
495.36429,501
490.41064,458
485.50653,458
480.65146,456
475.84494,454
471.08649,482
466.37564,507
461.71188,531
457.09476,537
452.52380,469
447.99857,462
443.51859,457
439.08340,456
434.69257,453
430.34564,476
426.04218,530
421.78177,475
417.56396,457
413.38834,453
409.25446,452
405.16193,495
401.11032,495
397.09921,491
393.12823,542
389.19696,485
385.30499,512
381.45193,499
377.63742,515
373.86105,526
370.12244,552
366.42120,566
362.75699,477
359.12943,484
355.53815,480
351.98276,474
348.46292,487
344.97830,525
341.52853,471
338.11325,462
334.73212,476
331.38480,524
328.07095,516
324.79025,503
321.54236,457
318.32693,491
315.14368,455
311.99225,452
308.87231,471
305.78360,481
302.72577,508
299.69852,478
296.70154,468
293.73453,469
290.79718,456
287.88922,455
285.01035,455
282.16025,448
279.33865,436
276.54526,436
273.77982,434
271.04202,432
268.33160,431
265.64828,486
262.99179,431
260.36188,435
257.75827,431
255.18069,429
252.62889,427
250.10260,426
247.60158,421
245.12556,423
242.67432,447
240.24757,422
237.84511,483
235.46666,420
233.11200,476
230.78088,440
228.47308,421
226.18835,430
223.92647,434
221.68721,484
219.47034,470
217.27563,449
215.10287,448
212.95184,468
210.82233,486
208.71411,437
206.62697,469
204.56070,426
202.51509,424
200.48994,418
198.48505,471
196.50020,478
194.53520,426
192.58986,505
190.66396,420
188.75732,441
186.86975,465
185.00105,419
183.15105,428
181.31953,419
179.50635,417
177.71129,417
175.93417,483
174.17484,439
172.43309,417
170.70876,436
169.00166,414
167.31165,416
165.63853,416
163.98215,413
162.34233,482
160.71890,480
159.11171,450
157.52060,470
155.94539,477
154.38594,492
152.84209,470
151.31367,448
149.80054,455
148.30254,443
146.81952,443
145.35132,496
143.89781,444
142.45883,444
141.03424,424
139.62390,419
138.22766,414
136.84538,414
135.47693,502
134.12216,483
132.78094,495
131.45314,447
130.13861,490
128.83722,489
127.54885,429
126.27336,415
125.01063,414
123.76052,452
122.52292,410
121.29769,455
120.08472,464
118.88387,473
117.69504,456
116.51809,457
115.35291,487
114.19939,449
113.05740,440
111.92683,440
110.80756,437
109.69948,456
108.60249,428
107.51646,423
106.44130,415
105.37688,457
104.32312,483
103.27989,453
102.24709,479
101.22462,494
100.21238,425
99.21026,420
98.21815,407
97.23598,407
96.26362,457
95.30098,446
94.34797,467
93.40449,447
92.47044,444
91.54574,437
90.63028,434
89.72398,441
88.82674,431
87.93847,435
87.05908,458
86.18849,423
85.32661,422
84.47334,410
83.62861,463
82.79232,425
81.96440,440
81.14476,426
80.33331,406
79.52998,405
78.73469,423
77.94734,432
77.16787,405
76.39619,445
75.63223,427
74.87591,484
74.12715,489
73.38588,463
72.65202,467
71.92551,532
71.20625,503
70.49419,485
69.78925,480
69.09136,470
68.40045,470
67.71645,470
67.03928,470
66.36889,470
65.70520,452
65.04815,432
64.39767,432
63.75369,432
63.11616,430
62.48500,425
61.86015,421
61.24154,439
60.62913,419
60.02284,419
59.42261,480
58.82838,489
58.24010,477
57.65770,470
57.08112,474
56.51031,474
55.94521,466
55.38576,442
54.83190,434
54.28358,434
53.74075,434
53.20334,434
52.67131,434
52.14460,445
51.62315,440
51.10692,440
50.59585,440
50.08989,438
49.58899,432
49.09310,428
48.60217,419
48.11615,419
47.63499,457
47.15864,418
46.68706,414
46.22019,414
45.75799,414
45.30041,414
44.84740,414
44.39893,414
43.95494,425
43.51539,425
43.08024,414
42.64944,405
42.22294,403
41.80071,403
41.38271,421
40.96888,421
40.55919,469
40.15360,474
39.75207,438
39.35455,449
38.96100,423
38.57139,423
38.18568,403
37.80383,407
37.42579,407
37.05153,453
36.68102,432
36.31421,473
35.95107,432
35.59156,444
35.23565,441
34.88329,407
34.53446,421
34.18911,407
33.84722,418
33.50875,416
33.17366,416
32.84193,416
32.51351,421
32.18837,421
31.86649,421
31.54782,421
31.23235,407
30.92002,405
30.61082,405
30.30472,405
30.00167,432
29.70165,432
29.40464,401
29.11059,401
28.81948,430
28.53129,424
28.24598,424
27.96352,452
27.68388,420
27.40705,420
27.13297,420
26.86164,420
26.59303,420
26.32710,420
26.06383,420
25.80319,420
25.54516,439
25.28971,400
25.03681,400
24.78644,399
24.53858,399
24.29319,465
24.05026,414
23.80976,399
23.57166,399
23.33594,399
23.10258,399
22.87156,399
22.64284,399
22.41641,399
22.19225,399
21.97033,443
21.75063,421
21.53312,421
21.31779,421
21.10461,421
20.89356,414
20.68463,414
20.47778,414
20.27301,414
20.07028,413
19.86957,413
19.67088,413
19.47417,413
19.27943,435
19.08663,432
18.89577,422
18.70681,422
18.51974,426
18.33454,396
18.15120,396
17.96969,426
17.78999,426
17.61209,430
17.43597,430
17.26161,430
17.08899,430
16.91810,411
16.74892,411
16.58143,419
16.41562,419
16.25146,419
16.08895,419
15.92806,419
15.76878,419
15.61109,419
15.45498,408
15.30043,428
15.14743,408
14.99595,408
14.84599,408
14.69753,408
14.55056,428
14.40505,428
14.26100,428
14.11839,428
13.97721,428
13.83744,428
13.69906,442
13.56207,435
13.42645,435
13.29219,435
13.15927,420
13.02767,442
12.89740,442
12.76842,442
12.64074,430
12.51433,430
12.38919,430
12.26530,430
12.14264,430
12.02122,430
11.90100,442
11.78199,442
11.66418,435
11.54753,439
11.43206,412
11.31774,412
11.20456,412
11.09251,412
10.98159,412
10.87177,412
10.76306,412
10.65543,412
10.54887,412
10.44338,412
10.33895,412
10.23556,412
10.13320,396
10.03187,396
9.93155,396
9.83224,396
9.73391,396
9.63658,396
9.54021,396
9.44481,396
9.35036,396
9.25686,396
9.16429,396
9.07265,396
8.98192,396
8.89210,396
8.80318,396
8.71515,396
8.62800,396
8.54172,396
8.45630,396
8.37174,396
8.28802,396
8.20514,396
8.12309,396
8.04186,396
7.96144,396
7.88182,396
7.80301,396
7.72498,396
7.64773,396
7.57125,396
7.49554,396
7.42058,396
7.34638,396
7.27291,396
7.20018,396
7.12818,396
7.05690,396
6.98633,396
6.91647,396
6.84730,396
6.77883,396
6.71104,396
6.64393,396
6.57749,408
6.51172,408
6.44660,408
6.38213,408
6.31831,408
6.25513,408
6.19258,408
6.13065,408
6.06935,408
6.00865,408
5.94857,408
5.88908,408
5.83019,408
5.77189,408
5.71417,408
5.65703,408
5.60046,408
5.54445,408
5.48901,408
5.43412,408
5.37978,408
5.32598,408
5.27272,408
5.21999,408
5.16779,408
5.11611,408
5.06495,408
5.01430,408
4.96416,408
4.91452,408
4.86537,408
4.81672,408
4.76855,408
4.72087,408
4.67366,412
4.62692,412
4.58065,412
4.53485,412
4.48950,412
4.44460,412
4.40016,412
4.35616,408
4.31259,408
4.26947,408
4.22677,408
4.18451,411
4.14266,411
4.10123,411
4.06022,411
4.01962,411
3.97942,412
3.93963,412
3.90023,412
3.86123,412
3.82262,412
3.78439,396
3.74655,396
3.70908,396
3.67199,396
3.63527,396
3.59892,396
3.56293,396
3.52730,396
3.49203,396
3.45711,396
3.42254,396
3.38831,396
3.35443,396
3.32088,396
3.28768,396
3.25480,396
3.22225,396
3.19003,396
3.15813,396
3.12655,396
3.09528,396
3.06433,396
3.03369,396
3.00335,396
2.97332,396
2.94358,396
2.91415,396
2.88500,396
2.85615,396
2.82759,396
2.79932,396
2.77132,396
2.74361,396
2.71617,396
2.68901,396
2.66212,396
2.63550,396
2.60915,396
2.58306,396
2.55722,396
2.53165,396
2.50634,396
2.48127,396
2.45646,396
2.43190,396
2.40758,396
2.38350,396
2.35967,396
2.33607,396
2.31271,396
2.28958,396
2.26669,396
2.24402,396
2.22158,396
2.19936,396
2.17737,396
2.15560,396
2.13404,396
2.11270,396
2.09157,396
2.07066,396
2.04995,396
2.02945,396
2.00916,396
1.98906,396
1.96917,396
1.94948,396
1.92999,396
1.91069,396
1.89158,396
1.87267,396
1.85394,396
1.83540,396
1.81705,396
1.79887,396
1.78089,396
1.76308,396
1.74545,396
1.72799,396
1.71071,396
1.69361,396
1.67667,396
1.65990,396
1.64330,396
1.62687,396
1.61060,396
1.59450,396
1.57855,396
1.56277,396
1.54714,396
1.53167,396
1.51635,396
1.50119,396
1.48617,396
1.47131,396
1.45660,396
1.44203,396
1.42761,396
1.41334,396
1.39920,396
1.38521,396
1.37136,396
1.35765,396
1.34407,396
1.33063,396
1.31732,396
1.30415,396
1.29111,396
1.27820,396
1.26541,396
1.25276,396
1.24023,396
1.22783,396
1.21555,396
1.20340,396
1.19136,396
1.17945,396
1.16765,396
1.15598,396
1.14442,396
1.13297,396
1.12164,396
1.11043,396
1.09932,396
1.08833,396
1.07745,396
1.06667,396
1.05601,396
1.04545,396
1.03499,396
1.02464,396
1.01440,396
1.00425,396
0.99421,396
0.98427,396
0.97442,396
0.96468,396
0.95503,396
0.94548,396
0.93603,396
0.92667,396
0.91740,396
0.90823,396
0.89914,396
0.89015,396
0.88125,396
0.87244,396
0.86372,396
0.85508,396
0.84653,396
0.83806,396
0.82968,396
0.82138,396
0.81317,396
0.80504,396
0.79699,396
0.78902,396
0.78113,396
0.77332,396
0.76558,396
0.75793,396
0.75035,396
0.74285,396
0.73542,396
0.72806,396
0.72078,396
0.71357,396
0.70644,396
0.69937,396
0.69238,396
0.68546,396
0.67860,396
0.67182,396
0.66510,396
0.65845,396
0.65186,396
0.64534,396
0.63889,396
0.63250,396
0.62618,396
0.61991,396
0.61372,396
0.60758,396
0.60150,396
0.59549,396
0.58953,396
0.58364,396
0.57780,396
0.57202,396
0.56630,396
0.56064,396
0.55503,396
0.54948,396
0.54399,396
0.53855,396
0.53316,396
0.52783,396
0.52255,396
0.51733,396
0.51215,396
0.50703,396
0.50196,396
0.49694,396
0.49197,396
0.48705,396
0.48218,396
0.47736,396
0.47259,396
0.46786,396
0.46318,396
0.45855,396
0.45397,396
0.44943,396
0.44493,396
0.44048,396
0.43608,396
0.43172,396
0.42740,396
0.42313,396
0.41889,396
0.41471,396
0.41056,396
0.40645,396
0.40239,396
0.39836,396
0.39438,396
0.39044,396
0.38653,396
0.38267,396
0.37884,396
0.37505,396
0.37130,396
0.36759,396
0.36391,396
0.36027,396
0.35667,396
0.35310,396
0.34957,396
0.34608,396
0.34262,396
0.33919,396
0.33580,396
0.33244,396
0.32912,396
0.32583,396
0.32257,396
0.31934,396
0.31615,396
0.31299,396
0.30986,396
0.30676,396
0.30369,396
0.30065,396
0.29765,396
0.29467,396
0.29172,396
0.28881,396
0.28592,396
0.28306,396
0.28023,396
0.27743,396
0.27465,396
0.27191,396
0.26919,396
0.26649,396
0.26383,396
0.26119,396
0.25858,396
0.25599,396
0.25343,396
0.25090,396
0.24839,396
0.24591,396
0.24345,396
0.24101,396
0.23860,396
0.23622,396
0.23385,396
0.23152,396
0.22920,396
0.22691,396
0.22464,396
0.22239,396
0.22017,396
0.21797,396
0.21579,396
0.21363,396
0.21149,396
0.20938,396
0.20729,396
0.20521,396
0.20316,396
0.20113,396
0.19912,396
0.19713,396
0.19516,396
0.19320,396
0.19127,396
0.18936,396
0.18747,396
0.18559,396
0.18373,396
0.18190,396
0.18008,396
0.17828,396
0.17649,396
0.17473,396
0.17298,396
0.17125,396
0.16954,396
0.16784,396
0.16617,396
0.16450,396
0.16286,396
0.16123,396
0.15962,396
0.15802,396
0.15644,396
0.15488,396
0.15333,396
0.15180,396
0.15028,396
0.14878,396
0.14729,396
0.14581,396
0.14436,396
0.14291,396
0.14148,396
0.14007,396
0.13867,396
0.13728,396
0.13591,396
0.13455,396
0.13320,396
0.13187,396
0.13055,396
0.12925,396
0.12796,396
0.12668,396
0.12541,396
0.12415,396
0.12291,396
0.12168,396
0.12047,396
0.11926,396
0.11807,396
0.11689,396
0.11572,396
0.11456,396
0.11342,396
0.11228,396
0.11116,396
0.11005,396
0.10895,396
0.10786,396
0.10678,396
0.10571,396
0.10466,396
0.10361,396
0.10257,396
0.10155,396
0.10053,396
