temperatura,makespan
10000.00000,4954
9900.00000,505
9801.00000,450
9702.99023,442
9605.95996,428
9509.90039,484
9414.80176,434
9320.65430,418
9227.44824,480
9135.17383,428
9043.82227,520
8953.38379,492
8863.84961,465
8775.21094,466
8687.45898,426
8600.58496,467
8514.57910,421
8429.43359,386
8345.13965,397
8261.68848,389
8179.07178,414
8097.28125,372
8016.30859,410
7936.14551,418
7856.78418,402
7778.21631,462
7700.43408,460
7623.42969,492
7547.19531,439
7471.72363,523
7397.00635,399
7323.03613,433
7249.80566,486
7177.30762,396
7105.53467,441
7034.47949,395
6964.13477,433
6894.49365,403
6825.54883,384
6757.29346,460
6689.72070,431
6622.82373,441
6556.59570,508
6491.02979,492
6426.11963,463
6361.85840,442
6298.23975,511
6235.25732,514
6172.90479,459
6111.17578,457
6050.06396,457
5989.56348,485
5929.66797,474
5870.37158,475
5811.66797,451
5753.55127,531
5696.01562,501
5639.05566,517
5582.66504,491
5526.83838,598
5471.56982,496
5416.85400,470
5362.68555,462
5309.05859,541
5255.96826,514
5203.40869,541
5151.37451,702
5099.86084,555
5048.86230,472
4998.37354,469
4948.38965,491
4898.90576,569
4849.91699,505
4801.41797,526
4753.40381,518
4705.86963,532
4658.81104,531
4612.22314,645
4566.10107,453
4520.43994,486
4475.23535,508
4430.48291,454
4386.17822,450
4342.31641,489
4298.89307,528
4255.90430,509
4213.34521,492
4171.21191,581
4129.50000,590
4088.20508,439
4047.32300,441
4006.84985,510
3966.78149,464
3927.11377,500
3887.84277,552
3848.96436,571
3810.47485,521
3772.37012,550
3734.64648,522
3697.30005,475
3660.32715,454
3623.72388,577
3587.48657,430
3551.61182,519
3516.09570,449
3480.93481,456
3446.12549,426
3411.66431,419
3377.54761,464
3343.77222,458
3310.33447,427
3277.23120,489
3244.45898,527
3212.01440,420
3179.89429,432
3148.09546,421
3116.61450,382
3085.44849,377
3054.59399,369
3024.04810,369
2993.80762,360
2963.86963,418
2934.23096,370
2904.88867,364
2875.83984,352
2847.08154,342
2818.61084,371
2790.42480,336
2762.52051,315
2734.89526,341
2707.54639,364
2680.47095,403
2653.66626,372
2627.12964,345
2600.85840,387
2574.84985,472
2549.10132,423
2523.61035,391
2498.37427,387
2473.39062,459
2448.65674,562
2424.17017,437
2399.92847,406
2375.92920,480
2352.16992,452
2328.64819,376
2305.36182,410
2282.30811,444
2259.48511,434
2236.89038,443
2214.52148,403
2192.37622,414
2170.45239,471
2148.74780,439
2127.26025,483
2105.98779,410
2084.92798,469
2064.07861,487
2043.43787,464
2023.00354,418
2002.77356,464
1982.74585,481
1962.91846,406
1943.28931,497
1923.85645,448
1904.61792,522
1885.57178,409
1866.71606,404
1848.04895,404
1829.56848,401
1811.27283,414
1793.16016,397
1775.22852,396
1757.47620,371
1739.90149,404
1722.50244,458
1705.27747,391
1688.22473,430
1671.34253,392
1654.62915,391
1638.08289,387
1621.70203,369
1605.48499,365
1589.43018,368
1573.53589,405
1557.80054,381
1542.22253,372
1526.80029,369
1511.53235,372
1496.41699,364
1481.45288,418
1466.63831,379
1451.97192,412
1437.45227,391
1423.07776,367
1408.84705,338
1394.75854,330
1380.81091,380
1367.00281,345
1353.33276,330
1339.79944,354
1326.40149,346
1313.13745,406
1300.00610,369
1287.00610,325
1274.13611,352
1261.39478,323
1248.78088,321
1236.29309,360
1223.93018,319
1211.69092,304
1199.57397,307
1187.57825,335
1175.70251,310
1163.94556,308
1152.30615,297
1140.78308,350
1129.37524,296
1118.08154,328
1106.90076,294
1095.83179,286
1084.87354,330
1074.02478,281
1063.28455,288
1052.65173,279
1042.12524,335
1031.70398,339
1021.38696,378
1011.17310,369
1001.06140,368
991.05078,349
981.14026,336
971.32886,332
961.61560,336
951.99945,348
942.47949,397
933.05469,367
923.72412,352
914.48688,356
905.34204,342
896.28864,363
887.32574,305
878.45251,304
869.66797,311
860.97131,336
852.36163,334
843.83801,314
835.39966,304
827.04565,302
818.77521,326
810.58746,362
802.48157,356
794.45679,302
786.51221,330
778.64709,355
770.86066,312
763.15204,302
755.52051,356
747.96533,344
740.48566,340
733.08081,302
725.75000,384
718.49249,345
711.30756,297
704.19446,300
697.15253,357
690.18103,355
683.27924,340
676.44647,340
669.68201,379
662.98517,384
656.35535,356
649.79181,359
643.29388,371
636.86096,312
630.49237,309
624.18744,309
617.94556,373
611.76611,357
605.64844,347
599.59198,343
593.59607,315
587.66010,304
581.78351,357
575.96570,306
570.20605,336
564.50403,337
558.85901,298
553.27045,300
547.73773,359
542.26038,304
536.83777,298
531.46942,340
526.15472,298
520.89319,296
515.68427,292
510.52744,333
505.42218,292
500.36795,291
495.36429,321
490.41064,365
485.50653,306
480.65146,303
475.84494,365
471.08649,397
466.37564,356
461.71188,371
457.09476,353
452.52380,350
447.99857,347
443.51859,347
439.08340,310
434.69257,363
430.34564,312
426.04218,308
421.78177,325
417.56396,306
413.38834,305
409.25446,304
405.16193,303
401.11032,343
397.09921,308
393.12823,354
389.19696,370
385.30499,362
381.45193,335
377.63742,335
373.86105,346
370.12244,314
366.42120,314
362.75699,331
359.12943,363
355.53815,310
351.98276,312
348.46292,303
344.97830,361
341.52853,361
338.11325,326
334.73212,302
331.38480,375
328.07095,344
324.79025,342
321.54236,368
318.32693,326
315.14368,306
311.99225,352
308.87231,390
305.78360,332
302.72577,301
299.69852,298
296.70154,355
293.73453,359
290.79718,351
287.88922,319
285.01035,315
282.16025,311
279.33865,357
276.54526,327
273.77982,337
271.04202,326
268.33160,355
265.64828,356
262.99179,356
260.36188,327
257.75827,311
255.18069,298
252.62889,382
250.10260,370
247.60158,359
245.12556,332
242.67432,300
240.24757,304
237.84511,349
235.46666,298
233.11200,294
230.78088,290
228.47308,288
226.18835,336
223.92647,330
221.68721,311
219.47034,315
217.27563,289
215.10287,289
212.95184,288
210.82233,342
208.71411,355
206.62697,352
204.56070,338
202.51509,357
200.48994,405
198.48505,355
196.50020,336
194.53520,304
192.58986,287
190.66396,342
188.75732,364
186.86975,341
185.00105,335
183.15105,316
181.31953,328
179.50635,304
177.71129,284
175.93417,303
174.17484,328
172.43309,320
170.70876,299
169.00166,307
167.31165,307
165.63853,316
163.98215,299
162.34233,307
160.71890,282
159.11171,351
157.52060,325
155.94539,362
154.38594,344
152.84209,357
151.31367,342
149.80054,403
148.30254,349
146.81952,349
145.35132,340
143.89781,340
142.45883,325
141.03424,384
139.62390,393
138.22766,443
136.84538,443
135.47693,434
134.12216,353
132.78094,328
131.45314,379
130.13861,340
128.83722,374
127.54885,330
126.27336,331
125.01063,367
123.76052,324
122.52292,319
121.29769,313
120.08472,329
118.88387,306
117.69504,361
116.51809,364
115.35291,343
114.19939,337
113.05740,331
111.92683,318
110.80756,337
109.69948,337
108.60249,355
107.51646,349
106.44130,353
105.37688,392
104.32312,340
103.27989,341
102.24709,336
101.22462,390
100.21238,333
99.21026,331
98.21815,331
97.23598,312
96.26362,310
95.30098,308
94.34797,306
93.40449,384
92.47044,354
91.54574,371
90.63028,379
89.72398,347
88.82674,406
87.93847,359
87.05908,342
86.18849,339
85.32661,338
84.47334,350
83.62861,329
82.79232,340
81.96440,319
81.14476,344
80.33331,370
79.52998,313
78.73469,313
77.94734,313
77.16787,313
76.39619,313
75.63223,375
74.87591,375
74.12715,423
73.38588,393
72.65202,362
71.92551,362
71.20625,352
70.49419,354
69.78925,354
69.09136,343
68.40045,343
67.71645,344
67.03928,324
66.36889,398
65.70520,395
65.04815,368
64.39767,366
63.75369,379
63.11616,408
62.48500,400
61.86015,388
61.24154,371
60.62913,376
60.02284,359
59.42261,375
58.82838,362
58.24010,337
57.65770,335
57.08112,333
56.51031,330
55.94521,330
55.38576,347
54.83190,347
54.28358,347
53.74075,392
53.20334,377
52.67131,385
52.14460,415
51.62315,376
51.10692,376
50.59585,376
50.08989,376
49.58899,367
49.09310,352
48.60217,343
48.11615,362
47.63499,337
47.15864,316
46.68706,315
46.22019,315
45.75799,315
45.30041,367
44.84740,296
44.39893,296
43.95494,296
43.51539,294
43.08024,338
42.64944,334
42.22294,362
41.80071,366
41.38271,338
40.96888,330
40.55919,330
40.15360,332
39.75207,317
39.35455,317
38.96100,328
38.57139,327
38.18568,327
37.80383,327
37.42579,327
37.05153,319
36.68102,303
36.31421,303
35.95107,291
35.59156,288
35.23565,288
34.88329,288
34.53446,288
34.18911,288
33.84722,308
33.50875,328
33.17366,368
32.84193,363
32.51351,341
32.18837,324
31.86649,324
31.54782,324
31.23235,324
30.92002,342
30.61082,342
30.30472,342
30.00167,331
29.70165,339
29.40464,324
29.11059,324
28.81948,324
28.53129,324
28.24598,356
27.96352,354
27.68388,342
27.40705,321
27.13297,319
26.86164,313
26.59303,313
26.32710,313
26.06383,325
25.80319,313
25.54516,332
25.28971,289
25.03681,289
24.78644,284
24.53858,284
24.29319,284
24.05026,304
23.80976,304
23.57166,304
23.33594,304
23.10258,284
22.87156,304
22.64284,304
22.41641,304
22.19225,324
21.97033,324
21.75063,324
21.53312,343
21.31779,343
21.10461,316
20.89356,316
20.68463,316
20.47778,316
20.27301,297
20.07028,297
19.86957,321
19.67088,331
19.47417,319
19.27943,319
19.08663,297
18.89577,297
18.70681,304
18.51974,304
18.33454,304
18.15120,304
17.96969,304
17.78999,304
17.61209,304
17.43597,304
17.26161,304
17.08899,282
16.91810,308
16.74892,307
16.58143,319
16.41562,319
16.25146,282
16.08895,299
15.92806,288
15.76878,300
15.61109,280
15.45498,280
15.30043,280
15.14743,295
14.99595,295
14.84599,295
14.69753,295
14.55056,295
14.40505,295
14.26100,295
14.11839,295
13.97721,295
13.83744,295
13.69906,295
13.56207,295
13.42645,284
13.29219,280
13.15927,280
13.02767,280
12.89740,280
12.76842,280
12.64074,280
12.51433,280
12.38919,280
12.26530,280
12.14264,280
12.02122,280
11.90100,280
11.78199,280
11.66418,280
11.54753,280
11.43206,280
11.31774,280
11.20456,280
11.09251,280
10.98159,280
10.87177,280
10.76306,280
10.65543,280
10.54887,280
10.44338,280
10.33895,280
10.23556,280
10.13320,280
10.03187,280
9.93155,280
9.83224,280
9.73391,280
9.63658,280
9.54021,280
9.44481,295
9.35036,284
9.25686,284
9.16429,284
9.07265,284
8.98192,284
8.89210,284
8.80318,284
8.71515,284
8.62800,284
8.54172,284
8.45630,284
8.37174,284
8.28802,284
8.20514,280
8.12309,280
8.04186,280
7.96144,280
7.88182,284
7.80301,284
7.72498,284
7.64773,284
7.57125,284
7.49554,284
7.42058,284
7.34638,284
7.27291,284
7.20018,284
7.12818,284
7.05690,284
6.98633,284
6.91647,284
6.84730,284
6.77883,284
6.71104,284
6.64393,280
6.57749,280
6.51172,280
6.44660,280
6.38213,280
6.31831,280
6.25513,280
6.19258,280
6.13065,280
6.06935,280
6.00865,280
5.94857,280
5.88908,280
5.83019,280
5.77189,280
5.71417,280
5.65703,280
5.60046,284
5.54445,284
5.48901,284
5.43412,284
5.37978,284
5.32598,284
5.27272,284
5.21999,284
5.16779,284
5.11611,284
5.06495,284
5.01430,284
4.96416,284
4.91452,284
4.86537,284
4.81672,284
4.76855,284
4.72087,284
4.67366,284
4.62692,284
4.58065,284
4.53485,284
4.48950,284
4.44460,284
4.40016,280
4.35616,280
4.31259,280
4.26947,280
4.22677,280
4.18451,280
4.14266,280
4.10123,280
4.06022,280
4.01962,280
3.97942,280
3.93963,280
3.90023,280
3.86123,280
3.82262,280
3.78439,280
3.74655,280
3.70908,280
3.67199,280
3.63527,280
3.59892,280
3.56293,280
3.52730,280
3.49203,280
3.45711,280
3.42254,280
3.38831,280
3.35443,280
3.32088,280
3.28768,280
3.25480,280
3.22225,280
3.19003,280
3.15813,280
3.12655,280
3.09528,280
3.06433,280
3.03369,280
3.00335,280
2.97332,280
2.94358,280
2.91415,280
2.88500,280
2.85615,280
2.82759,280
2.79932,280
2.77132,280
2.74361,280
2.71617,280
2.68901,280
2.66212,280
2.63550,280
2.60915,280
2.58306,280
2.55722,280
2.53165,280
2.50634,280
2.48127,280
2.45646,280
2.43190,280
2.40758,280
2.38350,280
2.35967,280
2.33607,280
2.31271,280
2.28958,280
2.26669,280
2.24402,280
2.22158,280
2.19936,280
2.17737,280
2.15560,280
2.13404,280
2.11270,280
2.09157,280
2.07066,280
2.04995,280
2.02945,280
2.00916,280
1.98906,280
1.96917,280
1.94948,280
1.92999,280
1.91069,280
1.89158,280
1.87267,280
1.85394,280
1.83540,280
1.81705,280
1.79887,280
1.78089,280
1.76308,280
1.74545,280
1.72799,280
1.71071,280
1.69361,280
1.67667,280
1.65990,280
1.64330,280
1.62687,280
1.61060,280
1.59450,280
1.57855,280
1.56277,280
1.54714,280
1.53167,280
1.51635,280
1.50119,280
1.48617,280
1.47131,280
1.45660,280
1.44203,280
1.42761,280
1.41334,280
1.39920,280
1.38521,280
1.37136,280
1.35765,280
1.34407,280
1.33063,280
1.31732,280
1.30415,280
1.29111,280
1.27820,280
1.26541,280
1.25276,280
1.24023,280
1.22783,280
1.21555,280
1.20340,280
1.19136,280
1.17945,280
1.16765,280
1.15598,280
1.14442,280
1.13297,280
1.12164,280
1.11043,280
1.09932,280
1.08833,280
1.07745,280
1.06667,280
1.05601,280
1.04545,280
1.03499,280
1.02464,280
1.01440,280
1.00425,280
0.99421,280
0.98427,280
0.97442,280
0.96468,280
0.95503,280
0.94548,280
0.93603,280
0.92667,280
0.91740,280
0.90823,280
0.89914,280
0.89015,280
0.88125,280
0.87244,280
0.86372,280
0.85508,280
0.84653,280
0.83806,280
0.82968,280
0.82138,280
0.81317,280
0.80504,280
0.79699,280
0.78902,280
0.78113,280
0.77332,280
0.76558,280
0.75793,280
0.75035,280
0.74285,280
0.73542,280
0.72806,280
0.72078,280
0.71357,280
0.70644,280
0.69937,280
0.69238,280
0.68546,280
0.67860,280
0.67182,280
0.66510,280
0.65845,280
0.65186,280
0.64534,280
0.63889,280
0.63250,280
0.62618,280
0.61991,280
0.61372,280
0.60758,280
0.60150,280
0.59549,280
0.58953,280
0.58364,280
0.57780,280
0.57202,280
0.56630,280
0.56064,280
0.55503,280
0.54948,280
0.54399,280
0.53855,280
0.53316,280
0.52783,280
0.52255,280
0.51733,280
0.51215,280
0.50703,280
0.50196,280
0.49694,280
0.49197,280
0.48705,280
0.48218,280
0.47736,280
0.47259,280
0.46786,280
0.46318,280
0.45855,280
0.45397,280
0.44943,280
0.44493,280
0.44048,280
0.43608,280
0.43172,280
0.42740,280
0.42313,280
0.41889,280
0.41471,280
0.41056,280
0.40645,280
0.40239,280
0.39836,280
0.39438,280
0.39044,280
0.38653,280
0.38267,280
0.37884,280
0.37505,280
0.37130,280
0.36759,280
0.36391,280
0.36027,280
0.35667,280
0.35310,280
0.34957,280
0.34608,280
0.34262,280
0.33919,280
0.33580,280
0.33244,280
0.32912,280
0.32583,280
0.32257,280
0.31934,280
0.31615,280
0.31299,280
0.30986,280
0.30676,280
0.30369,280
0.30065,280
0.29765,280
0.29467,280
0.29172,280
0.28881,280
0.28592,280
0.28306,280
0.28023,280
0.27743,280
0.27465,280
0.27191,280
0.26919,280
0.26649,280
0.26383,280
0.26119,280
0.25858,280
0.25599,280
0.25343,280
0.25090,280
0.24839,280
0.24591,280
0.24345,280
0.24101,280
0.23860,280
0.23622,280
0.23385,280
0.23152,280
0.22920,280
0.22691,280
0.22464,280
0.22239,280
0.22017,280
0.21797,280
0.21579,280
0.21363,280
0.21149,280
0.20938,280
0.20729,280
0.20521,280
0.20316,280
0.20113,280
0.19912,280
0.19713,280
0.19516,280
0.19320,280
0.19127,280
0.18936,280
0.18747,280
0.18559,280
0.18373,280
0.18190,280
0.18008,280
0.17828,280
0.17649,280
0.17473,280
0.17298,280
0.17125,280
0.16954,280
0.16784,280
0.16617,280
0.16450,280
0.16286,280
0.16123,280
0.15962,280
0.15802,280
0.15644,280
0.15488,280
0.15333,280
0.15180,280
0.15028,280
0.14878,280
0.14729,280
0.14581,280
0.14436,280
0.14291,280
0.14148,280
0.14007,280
0.13867,280
0.13728,280
0.13591,280
0.13455,280
0.13320,280
0.13187,280
0.13055,280
0.12925,280
0.12796,280
0.12668,280
0.12541,280
0.12415,280
0.12291,280
0.12168,280
0.12047,280
0.11926,280
0.11807,280
0.11689,280
0.11572,280
0.11456,280
0.11342,280
0.11228,280
0.11116,280
0.11005,280
0.10895,280
0.10786,280
0.10678,280
0.10571,280
0.10466,280
0.10361,280
0.10257,280
0.10155,280
0.10053,280
