temperatura,makespan
10000.00000,20036
9900.00000,1495
9801.00000,1435
9702.99023,1373
9605.95996,1306
9509.90039,1367
9414.80176,1337
9320.65430,1331
9227.44824,1397
9135.17383,1359
9043.82227,1282
8953.38379,1258
8863.84961,1203
8775.21094,1166
8687.45898,1211
8600.58496,1162
8514.57910,1155
8429.43359,1139
8345.13965,1229
8261.68848,1124
8179.07178,1142
8097.28125,1183
8016.30859,1167
7936.14551,1124
7856.78418,1204
7778.21631,1179
7700.43408,1110
7623.42969,1174
7547.19531,1143
7471.72363,1107
7397.00635,1127
7323.03613,1120
7249.80566,1097
7177.30762,1103
7105.53467,1094
7034.47949,1093
6964.13477,1078
6894.49365,1076
6825.54883,1132
6757.29346,1101
6689.72070,1094
6622.82373,1137
6556.59570,1120
6491.02979,1111
6426.11963,1139
6361.85840,1153
6298.23975,1149
6235.25732,1097
6172.90479,1118
6111.17578,1133
6050.06396,1100
5989.56348,1123
5929.66797,1093
5870.37158,1087
5811.66797,1085
5753.55127,1085
5696.01562,1084
5639.05566,1146
5582.66504,1141
5526.83838,1152
5471.56982,1065
5416.85400,1124
5362.68555,1137
5309.05859,1161
5255.96826,1138
5203.40869,1123
5151.37451,1120
5099.86084,1159
5048.86230,1143
4998.37354,1188
4948.38965,1104
4898.90576,1091
4849.91699,1132
4801.41797,1140
4753.40381,1110
4705.86963,1093
4658.81104,1103
4612.22314,1093
4566.10107,1093
4520.43994,1065
4475.23535,1064
4430.48291,1056
4386.17822,1109
4342.31641,1101
4298.89307,1087
4255.90430,1052
4213.34521,1044
4171.21191,1120
4129.50000,1090
4088.20508,1134
4047.32300,1064
4006.84985,1042
3966.78149,1078
3927.11377,1097
3887.84277,1078
3848.96436,1097
3810.47485,1120
3772.37012,1083
3734.64648,1083
3697.30005,1090
3660.32715,1079
3623.72388,1100
3587.48657,1117
3551.61182,1099
3516.09570,1098
3480.93481,1090
3446.12549,1149
3411.66431,1125
3377.54761,1194
3343.77222,1109
3310.33447,1078
3277.23120,1072
3244.45898,1144
3212.01440,1110
3179.89429,1164
3148.09546,1106
3116.61450,1092
3085.44849,1079
3054.59399,1067
3024.04810,1063
2993.80762,1057
2963.86963,1054
2934.23096,1099
2904.88867,1101
2875.83984,1105
2847.08154,1078
2818.61084,1064
2790.42480,1057
2762.52051,1114
2734.89526,1108
2707.54639,1135
2680.47095,1066
2653.66626,1064
2627.12964,1046
2600.85840,1044
2574.84985,1108
2549.10132,1106
2523.61035,1127
2498.37427,1101
2473.39062,1263
2448.65674,1101
2424.17017,1090
2399.92847,1104
2375.92920,1085
2352.16992,1133
2328.64819,1114
2305.36182,1078
2282.30811,1066
2259.48511,1068
2236.89038,1065
2214.52148,1043
2192.37622,1084
2170.45239,1076
2148.74780,1097
2127.26025,1097
2105.98779,1086
2084.92798,1071
2064.07861,1086
2043.43787,1062
2023.00354,1086
2002.77356,1084
1982.74585,1079
1962.91846,1084
1943.28931,1083
1923.85645,1113
1904.61792,1079
1885.57178,1100
1866.71606,1127
1848.04895,1074
1829.56848,1076
1811.27283,1098
1793.16016,1095
1775.22852,1067
1757.47620,1059
1739.90149,1086
1722.50244,1058
1705.27747,1091
1688.22473,1079
1671.34253,1072
1654.62915,1058
1638.08289,1075
1621.70203,1076
1605.48499,1071
1589.43018,1055
1573.53589,1093
1557.80054,1122
1542.22253,1091
1526.80029,1138
1511.53235,1079
1496.41699,1080
1481.45288,1079
1466.63831,1076
1451.97192,1079
1437.45227,1100
1423.07776,1076
1408.84705,1074
1394.75854,1079
1380.81091,1152
1367.00281,1123
1353.33276,1148
1339.79944,1052
1326.40149,1052
1313.13745,1054
1300.00610,1071
1287.00610,1091
1274.13611,1071
1261.39478,1052
1248.78088,1066
1236.29309,1071
1223.93018,1054
1211.69092,1071
1199.57397,1038
1187.57825,1036
1175.70251,1114
1163.94556,1095
1152.30615,1067
1140.78308,1036
1129.37524,1112
1118.08154,1097
1106.90076,1108
1095.83179,1101
1084.87354,1080
1074.02478,1107
1063.28455,1101
1052.65173,1085
1042.12524,1125
1031.70398,1077
1021.38696,1073
1011.17310,1057
1001.06140,1082
991.05078,1081
981.14026,1129
971.32886,1116
961.61560,1095
951.99945,1073
942.47949,1070
933.05469,1055
923.72412,1079
914.48688,1056
905.34204,1112
896.28864,1065
887.32574,1104
878.45251,1114
869.66797,1072
860.97131,1139
852.36163,1140
843.83801,1118
835.39966,1090
827.04565,1108
818.77521,1074
810.58746,1140
802.48157,1083
794.45679,1101
786.51221,1073
778.64709,1078
770.86066,1065
763.15204,1101
755.52051,1108
747.96533,1102
740.48566,1130
733.08081,1077
725.75000,1129
718.49249,1095
711.30756,1055
704.19446,1111
697.15253,1083
690.18103,1083
683.27924,1085
676.44647,1117
669.68201,1083
662.98517,1065
656.35535,1074
649.79181,1073
643.29388,1097
636.86096,1101
630.49237,1097
624.18744,1138
617.94556,1125
611.76611,1116
605.64844,1101
599.59198,1102
593.59607,1091
587.66010,1085
581.78351,1101
575.96570,1072
570.20605,1067
564.50403,1077
558.85901,1104
553.27045,1122
547.73773,1095
542.26038,1093
536.83777,1059
531.46942,1052
526.15472,1072
520.89319,1079
515.68427,1059
510.52744,1091
505.42218,1073
500.36795,1052
495.36429,1099
490.41064,1083
485.50653,1110
480.65146,1079
475.84494,1133
471.08649,1100
466.37564,1151
461.71188,1083
457.09476,1079
452.52380,1073
447.99857,1113
443.51859,1097
439.08340,1090
434.69257,1067
430.34564,1066
426.04218,1061
421.78177,1085
417.56396,1065
413.38834,1058
409.25446,1107
405.16193,1097
401.11032,1110
397.09921,1097
393.12823,1103
389.19696,1110
385.30499,1137
381.45193,1088
377.63742,1097
373.86105,1144
370.12244,1101
366.42120,1079
362.75699,1083
359.12943,1073
355.53815,1097
351.98276,1097
348.46292,1083
344.97830,1057
341.52853,1135
338.11325,1077
334.73212,1060
331.38480,1102
328.07095,1079
324.79025,1058
321.54236,1055
318.32693,1097
315.14368,1085
311.99225,1055
308.87231,1132
305.78360,1088
302.72577,1072
299.69852,1067
296.70154,1073
293.73453,1137
290.79718,1077
287.88922,1058
285.01035,1088
282.16025,1055
279.33865,1078
276.54526,1085
273.77982,1097
271.04202,1130
268.33160,1095
265.64828,1058
262.99179,1085
260.36188,1052
257.75827,1097
255.18069,1083
252.62889,1073
250.10260,1101
247.60158,1052
245.12556,1101
242.67432,1088
240.24757,1112
237.84511,1106
235.46666,1105
233.11200,1171
230.78088,1088
228.47308,1097
226.18835,1085
223.92647,1080
221.68721,1068
219.47034,1057
217.27563,1090
215.10287,1144
212.95184,1104
210.82233,1148
208.71411,1109
206.62697,1084
204.56070,1102
202.51509,1079
200.48994,1089
198.48505,1073
196.50020,1073
194.53520,1058
192.58986,1055
190.66396,1074
188.75732,1055
186.86975,1084
185.00105,1075
183.15105,1055
181.31953,1080
179.50635,1102
177.71129,1098
175.93417,1086
174.17484,1055
172.43309,1058
170.70876,1044
169.00166,1067
167.31165,1103
165.63853,1107
163.98215,1105
162.34233,1101
160.71890,1070
159.11171,1044
157.52060,1123
155.94539,1097
154.38594,1098
152.84209,1097
151.31367,1098
149.80054,1095
148.30254,1091
146.81952,1093
145.35132,1079
143.89781,1086
142.45883,1100
141.03424,1067
139.62390,1051
138.22766,1058
136.84538,1133
135.47693,1100
134.12216,1155
132.78094,1095
131.45314,1073
130.13861,1067
128.83722,1100
127.54885,1100
126.27336,1072
125.01063,1106
123.76052,1067
122.52292,1050
121.29769,1050
120.08472,1048
118.88387,1093
117.69504,1077
116.51809,1067
115.35291,1093
114.19939,1048
113.05740,1048
111.92683,1048
110.80756,1089
109.69948,1107
108.60249,1089
107.51646,1123
106.44130,1091
105.37688,1067
104.32312,1067
103.27989,1067
102.24709,1067
101.22462,1067
100.21238,1055
99.21026,1074
98.21815,1074
97.23598,1058
96.26362,1058
95.30098,1068
94.34797,1058
93.40449,1058
92.47044,1113
91.54574,1108
90.63028,1077
89.72398,1074
88.82674,1107
87.93847,1070
87.05908,1109
86.18849,1073
85.32661,1068
84.47334,1044
83.62861,1051
82.79232,1044
81.96440,1044
81.14476,1072
80.33331,1091
79.52998,1052
78.73469,1077
77.94734,1089
77.16787,1124
76.39619,1091
75.63223,1073
74.87591,1072
74.12715,1070
73.38588,1072
72.65202,1050
71.92551,1045
71.20625,1044
70.49419,1123
69.78925,1061
69.09136,1058
68.40045,1058
67.71645,1058
67.03928,1096
66.36889,1052
65.70520,1052
65.04815,1064
64.39767,1051
63.75369,1067
63.11616,1093
62.48500,1091
61.86015,1051
61.24154,1049
60.62913,1079
60.02284,1064
59.42261,1049
58.82838,1049
58.24010,1049
57.65770,1077
57.08112,1073
56.51031,1079
55.94521,1064
55.38576,1064
54.83190,1064
54.28358,1049
53.74075,1049
53.20334,1049
52.67131,1049
52.14460,1089
51.62315,1049
51.10692,1049
50.59585,1122
50.08989,1142
49.58899,1093
49.09310,1080
48.60217,1106
48.11615,1106
47.63499,1085
47.15864,1085
46.68706,1080
46.22019,1064
45.75799,1072
45.30041,1072
44.84740,1067
44.39893,1077
43.95494,1062
43.51539,1062
43.08024,1062
42.64944,1062
42.22294,1086
41.80071,1106
41.38271,1136
40.96888,1119
40.55919,1154
40.15360,1142
39.75207,1132
39.35455,1118
38.96100,1107
38.57139,1172
38.18568,1166
37.80383,1135
37.42579,1101
37.05153,1084
36.68102,1084
36.31421,1084
35.95107,1131
35.59156,1096
35.23565,1096
34.88329,1100
34.53446,1083
34.18911,1079
33.84722,1101
33.50875,1101
33.17366,1064
32.84193,1064
32.51351,1064
32.18837,1064
31.86649,1059
31.54782,1062
31.23235,1062
30.92002,1047
30.61082,1046
30.30472,1046
30.00167,1046
29.70165,1046
29.40464,1101
29.11059,1072
28.81948,1072
28.53129,1072
28.24598,1072
27.96352,1072
27.68388,1072
27.40705,1089
27.13297,1072
26.86164,1089
26.59303,1089
26.32710,1059
26.06383,1056
25.80319,1056
25.54516,1056
25.28971,1098
25.03681,1084
24.78644,1102
24.53858,1100
24.29319,1044
24.05026,1044
23.80976,1044
23.57166,1044
23.33594,1044
23.10258,1044
22.87156,1044
22.64284,1044
22.41641,1052
22.19225,1052
21.97033,1052
21.75063,1052
21.53312,1052
21.31779,1039
21.10461,1039
20.89356,1039
20.68463,1045
20.47778,1058
20.27301,1058
20.07028,1058
19.86957,1058
19.67088,1058
19.47417,1045
19.27943,1045
19.08663,1083
18.89577,1058
18.70681,1058
18.51974,1039
18.33454,1039
18.15120,1039
17.96969,1039
17.78999,1039
17.61209,1039
17.43597,1039
17.26161,1039
17.08899,1039
16.91810,1095
16.74892,1039
16.58143,1039
16.41562,1039
16.25146,1039
16.08895,1039
15.92806,1050
15.76878,1050
15.61109,1050
15.45498,1050
15.30043,1050
15.14743,1050
14.99595,1050
14.84599,1050
14.69753,1050
14.55056,1039
14.40505,1039
14.26100,1039
14.11839,1039
13.97721,1039
13.83744,1039
13.69906,1039
13.56207,1039
13.42645,1039
13.29219,1039
13.15927,1039
13.02767,1039
12.89740,1039
12.76842,1039
12.64074,1039
12.51433,1039
12.38919,1039
12.26530,1039
12.14264,1039
12.02122,1039
11.90100,1039
11.78199,1039
11.66418,1039
11.54753,1039
11.43206,1050
11.31774,1050
11.20456,1050
11.09251,1050
10.98159,1057
10.87177,1057
10.76306,1057
10.65543,1057
10.54887,1057
10.44338,1057
10.33895,1057
10.23556,1057
10.13320,1057
10.03187,1067
9.93155,1058
9.83224,1067
9.73391,1067
9.63658,1067
9.54021,1067
9.44481,1050
9.35036,1050
9.25686,1050
9.16429,1050
9.07265,1050
8.98192,1050
8.89210,1050
8.80318,1057
8.71515,1057
8.62800,1057
8.54172,1057
8.45630,1057
8.37174,1057
8.28802,1057
8.20514,1057
8.12309,1045
8.04186,1039
7.96144,1039
7.88182,1039
7.80301,1039
7.72498,1039
7.64773,1039
7.57125,1039
7.49554,1039
7.42058,1039
7.34638,1039
7.27291,1039
7.20018,1039
7.12818,1039
7.05690,1039
6.98633,1039
6.91647,1039
6.84730,1039
6.77883,1039
6.71104,1039
6.64393,1039
6.57749,1039
6.51172,1039
6.44660,1039
6.38213,1039
6.31831,1039
6.25513,1039
6.19258,1039
6.13065,1039
6.06935,1039
6.00865,1039
5.94857,1039
5.88908,1039
5.83019,1039
5.77189,1039
5.71417,1039
5.65703,1039
5.60046,1039
5.54445,1039
5.48901,1039
5.43412,1039
5.37978,1039
5.32598,1039
5.27272,1039
5.21999,1039
5.16779,1039
5.11611,1039
5.06495,1039
5.01430,1039
4.96416,1039
4.91452,1039
4.86537,1039
4.81672,1039
4.76855,1039
4.72087,1039
4.67366,1039
4.62692,1039
4.58065,1039
4.53485,1039
4.48950,1039
4.44460,1039
4.40016,1039
4.35616,1039
4.31259,1039
4.26947,1039
4.22677,1039
4.18451,1039
4.14266,1039
4.10123,1039
4.06022,1039
4.01962,1039
3.97942,1039
3.93963,1039
3.90023,1039
3.86123,1039
3.82262,1039
3.78439,1039
3.74655,1039
3.70908,1039
3.67199,1039
3.63527,1039
3.59892,1039
3.56293,1039
3.52730,1039
3.49203,1039
3.45711,1039
3.42254,1039
3.38831,1039
3.35443,1039
3.32088,1039
3.28768,1039
3.25480,1039
3.22225,1039
3.19003,1039
3.15813,1039
3.12655,1039
3.09528,1039
3.06433,1039
3.03369,1039
3.00335,1039
2.97332,1039
2.94358,1039
2.91415,1039
2.88500,1039
2.85615,1039
2.82759,1039
2.79932,1039
2.77132,1039
2.74361,1039
2.71617,1039
2.68901,1039
2.66212,1039
2.63550,1039
2.60915,1039
2.58306,1039
2.55722,1039
2.53165,1039
2.50634,1039
2.48127,1039
2.45646,1039
2.43190,1039
2.40758,1039
2.38350,1039
2.35967,1039
2.33607,1039
2.31271,1039
2.28958,1039
2.26669,1039
2.24402,1039
2.22158,1039
2.19936,1039
2.17737,1039
2.15560,1039
2.13404,1039
2.11270,1039
2.09157,1039
2.07066,1039
2.04995,1039
2.02945,1039
2.00916,1039
1.98906,1039
1.96917,1039
1.94948,1039
1.92999,1039
1.91069,1039
1.89158,1039
1.87267,1039
1.85394,1039
1.83540,1039
1.81705,1039
1.79887,1039
1.78089,1039
1.76308,1039
1.74545,1039
1.72799,1039
1.71071,1039
1.69361,1039
1.67667,1039
1.65990,1039
1.64330,1039
1.62687,1039
1.61060,1039
1.59450,1039
1.57855,1039
1.56277,1039
1.54714,1039
1.53167,1039
1.51635,1039
1.50119,1039
1.48617,1039
1.47131,1039
1.45660,1039
1.44203,1039
1.42761,1039
1.41334,1039
1.39920,1039
1.38521,1039
1.37136,1039
1.35765,1039
1.34407,1039
1.33063,1039
1.31732,1039
1.30415,1039
1.29111,1039
1.27820,1039
1.26541,1039
1.25276,1039
1.24023,1039
1.22783,1039
1.21555,1039
1.20340,1039
1.19136,1039
1.17945,1039
1.16765,1039
1.15598,1039
1.14442,1039
1.13297,1039
1.12164,1039
1.11043,1039
1.09932,1039
1.08833,1039
1.07745,1039
1.06667,1039
1.05601,1039
1.04545,1039
1.03499,1039
1.02464,1039
1.01440,1039
1.00425,1039
0.99421,1039
0.98427,1039
0.97442,1039
0.96468,1039
0.95503,1039
0.94548,1039
0.93603,1039
0.92667,1039
0.91740,1039
0.90823,1039
0.89914,1039
0.89015,1039
0.88125,1039
0.87244,1039
0.86372,1039
0.85508,1039
0.84653,1039
0.83806,1039
0.82968,1039
0.82138,1039
0.81317,1039
0.80504,1039
0.79699,1039
0.78902,1039
0.78113,1039
0.77332,1039
0.76558,1039
0.75793,1039
0.75035,1039
0.74285,1039
0.73542,1039
0.72806,1039
0.72078,1039
0.71357,1039
0.70644,1039
0.69937,1039
0.69238,1039
0.68546,1039
0.67860,1039
0.67182,1039
0.66510,1039
0.65845,1039
0.65186,1039
0.64534,1039
0.63889,1039
0.63250,1039
0.62618,1039
0.61991,1039
0.61372,1039
0.60758,1039
0.60150,1039
0.59549,1039
0.58953,1039
0.58364,1039
0.57780,1039
0.57202,1039
0.56630,1039
0.56064,1039
0.55503,1039
0.54948,1039
0.54399,1039
0.53855,1039
0.53316,1039
0.52783,1039
0.52255,1039
0.51733,1039
0.51215,1039
0.50703,1039
0.50196,1039
0.49694,1039
0.49197,1039
0.48705,1039
0.48218,1039
0.47736,1039
0.47259,1039
0.46786,1039
0.46318,1039
0.45855,1039
0.45397,1039
0.44943,1039
0.44493,1039
0.44048,1039
0.43608,1039
0.43172,1039
0.42740,1039
0.42313,1039
0.41889,1039
0.41471,1039
0.41056,1039
0.40645,1039
0.40239,1039
0.39836,1039
0.39438,1039
0.39044,1039
0.38653,1039
0.38267,1039
0.37884,1039
0.37505,1039
0.37130,1039
0.36759,1039
0.36391,1039
0.36027,1039
0.35667,1039
0.35310,1039
0.34957,1039
0.34608,1039
0.34262,1039
0.33919,1039
0.33580,1039
0.33244,1039
0.32912,1039
0.32583,1039
0.32257,1039
0.31934,1039
0.31615,1039
0.31299,1039
0.30986,1039
0.30676,1039
0.30369,1039
0.30065,1039
0.29765,1039
0.29467,1039
0.29172,1039
0.28881,1039
0.28592,1039
0.28306,1039
0.28023,1039
0.27743,1039
0.27465,1039
0.27191,1039
0.26919,1039
0.26649,1039
0.26383,1039
0.26119,1039
0.25858,1039
0.25599,1039
0.25343,1039
0.25090,1039
0.24839,1039
0.24591,1039
0.24345,1039
0.24101,1039
0.23860,1039
0.23622,1039
0.23385,1039
0.23152,1039
0.22920,1039
0.22691,1039
0.22464,1039
0.22239,1039
0.22017,1039
0.21797,1039
0.21579,1039
0.21363,1039
0.21149,1039
0.20938,1039
0.20729,1039
0.20521,1039
0.20316,1039
0.20113,1039
0.19912,1039
0.19713,1039
0.19516,1039
0.19320,1039
0.19127,1039
0.18936,1039
0.18747,1039
0.18559,1039
0.18373,1039
0.18190,1039
0.18008,1039
0.17828,1039
0.17649,1039
0.17473,1039
0.17298,1039
0.17125,1039
0.16954,1039
0.16784,1039
0.16617,1039
0.16450,1039
0.16286,1039
0.16123,1039
0.15962,1039
0.15802,1039
0.15644,1039
0.15488,1039
0.15333,1039
0.15180,1039
0.15028,1039
0.14878,1039
0.14729,1039
0.14581,1039
0.14436,1039
0.14291,1039
0.14148,1039
0.14007,1039
0.13867,1039
0.13728,1039
0.13591,1039
0.13455,1039
0.13320,1039
0.13187,1039
0.13055,1039
0.12925,1039
0.12796,1039
0.12668,1039
0.12541,1039
0.12415,1039
0.12291,1039
0.12168,1039
0.12047,1039
0.11926,1039
0.11807,1039
0.11689,1039
0.11572,1039
0.11456,1039
0.11342,1039
0.11228,1039
0.11116,1039
0.11005,1039
0.10895,1039
0.10786,1039
0.10678,1039
0.10571,1039
0.10466,1039
0.10361,1039
0.10257,1039
0.10155,1039
0.10053,1039
